2 4 7 15 18 82 91 100 1000 92 88 5 4 1 0 
2 4 7 15 18 82 91 100 1000 1200 8644 1523 1673 228 723 777 900 965 853 747 439 568 143 147 156 227 188 150 142 92 92 88 23 52 63 64 73 66 71 10 5 6 4 1 0 0 
2 4 7 15 18 82 91 100 1000 1200 8644 1523 1673 228 723 777 900 965 1000 853 747 439 568 256 143 147 156 227 188 150 148 142 92 100 100 92 92 88 91 91 88 23 52 63 64 73 82 82 66 71 45 32 31 18 16 18 10 15 15 8 5 6 7 7 5 5 5 4 4 4 3 4 4 1 2 2 0 1 1 0 0 
2 4 7 15 18 82 91 100 1000 1200 8644 1523 1673 8644 1673 1523 1200 228 723 777 900 965 1000 965 853 900 853 747 777 747 439 568 723 568 256 439 143 147 156 227 228 188 227 188 150 156 148 150 147 142 143 142 92 100 100 92 92 92 88 91 91 88 23 52 63 64 73 82 82 66 71 73 71 66 64 63 45 52 32 31 23 18 16 18 10 15 15 8 10 5 6 7 7 6 5 5 5 4 4 4 3 4 4 1 2 2 0 1 1 0 0 0 
2 4 7 15 18 82 91 100 1000 1200 8644 1523 1673 8644 1673 1523 1200 228 723 777 900 965 1000 1000 965 853 900 853 747 777 747 439 568 723 568 256 439 256 143 147 156 227 228 188 227 188 150 156 148 150 148 147 142 143 142 92 100 100 100 100 92 92 92 92 88 91 91 91 91 88 88 23 52 63 64 73 82 82 82 82 66 71 73 71 66 64 63 45 52 32 45 31 32 31 23 18 16 18 18 18 16 10 15 15 15 15 8 10 8 5 6 7 7 7 7 6 5 5 5 5 5 5 4 4 4 3 4 4 4 4 4 4 3 1 2 2 2 2 0 1 1 1 1 0 0 0 0 
2 4 7 15 18 82 91 100 1000 1200 8644 1523 1673 8644 8644 1673 1673 1523 1523 1200 1200 228 723 777 900 965 1000 1000 965 965 853 900 900 853 853 747 777 777 747 747 439 568 723 723 568 568 256 439 439 256 143 147 156 227 228 228 188 227 227 188 188 150 156 156 148 150 150 148 147 147 142 143 143 142 142 92 100 100 100 100 92 92 92 92 92 88 91 91 91 91 88 88 23 52 63 64 73 82 82 82 82 66 71 73 73 71 71 66 66 64 64 63 63 45 52 52 32 45 31 32 31 23 23 18 16 18 18 18 16 10 15 15 15 15 8 10 10 8 5 6 7 7 7 7 6 6 5 5 5 5 5 5 4 4 4 3 4 4 4 4 4 4 3 1 2 2 2 2 0 1 1 1 1 0 0 0 0 0 
2 4 7 15 18 82 91 100 1000 1200 8644 1523 1673 8644 8644 1673 1673 1523 1523 1200 1200 228 723 777 900 965 1000 1000 1000 965 965 853 900 900 853 853 747 777 777 747 747 439 568 723 723 568 568 256 439 439 256 256 143 147 156 227 228 228 188 227 227 188 188 150 156 156 148 150 150 148 148 147 147 142 143 143 142 142 92 100 100 100 100 100 100 92 92 92 92 92 92 88 91 91 91 91 91 91 88 88 88 23 52 63 64 73 82 82 82 82 82 82 66 71 73 73 71 71 66 66 64 64 63 63 45 52 52 32 45 45 31 32 32 31 31 23 23 18 16 18 18 18 18 18 16 16 10 15 15 15 15 15 15 8 10 10 8 8 5 6 7 7 7 7 7 7 6 6 5 5 5 5 5 5 5 5 5 4 4 4 3 4 4 4 4 4 4 4 4 4 4 3 3 1 2 2 2 2 2 2 2 0 1 1 1 1 1 1 0 0 0 0 0 0 
2 4 7 15 18 82 91 100 1000 1200 8644 1523 1673 8644 8644 8644 1673 1673 1673 1523 1523 1523 1200 1200 1200 228 723 777 900 965 1000 1000 1000 965 965 965 853 900 900 900 853 853 853 747 777 777 777 747 747 747 439 568 723 723 723 568 568 568 256 439 439 439 256 256 143 147 156 227 228 228 228 188 227 227 227 188 188 188 150 156 156 156 148 150 150 150 148 148 147 147 147 142 143 143 143 142 142 142 92 100 100 100 100 100 100 92 92 92 92 92 92 92 88 91 91 91 91 91 91 88 88 88 23 52 63 64 73 82 82 82 82 82 82 66 71 73 73 73 71 71 71 66 66 66 64 64 64 63 63 63 45 52 52 52 32 45 45 31 32 32 31 31 23 23 23 18 16 18 18 18 18 18 16 16 10 15 15 15 15 15 15 8 10 10 10 8 8 5 6 7 7 7 7 7 7 6 6 6 5 5 5 5 5 5 5 5 5 4 4 4 3 4 4 4 4 4 4 4 4 4 4 3 3 1 2 2 2 2 2 2 2 0 1 1 1 1 1 1 0 0 0 0 0 0 0 
2 4 7 15 18 82 91 100 1000 1200 8644 1523 1673 8644 8644 8644 1673 1673 1673 1523 1523 1523 1200 1200 1200 228 723 777 900 965 1000 1000 1000 1000 965 965 965 853 900 900 900 853 853 853 747 777 777 777 747 747 747 439 568 723 723 723 568 568 568 256 439 439 439 256 256 256 143 147 156 227 228 228 228 188 227 227 227 188 188 188 150 156 156 156 148 150 150 150 148 148 148 147 147 147 142 143 143 143 142 142 142 92 100 100 100 100 100 100 100 100 92 92 92 92 92 92 92 92 88 91 91 91 91 91 91 91 91 88 88 88 88 23 52 63 64 73 82 82 82 82 82 82 82 82 66 71 73 73 73 71 71 71 66 66 66 64 64 64 63 63 63 45 52 52 52 32 45 45 45 31 32 32 32 31 31 31 23 23 23 18 16 18 18 18 18 18 18 18 16 16 16 10 15 15 15 15 15 15 15 15 8 10 10 10 8 8 8 5 6 7 7 7 7 7 7 7 7 6 6 6 5 5 5 5 5 5 5 5 5 5 5 5 4 4 4 3 4 4 4 4 4 4 4 4 4 4 4 4 4 4 3 3 3 1 2 2 2 2 2 2 2 2 2 2 0 1 1 1 1 1 1 1 1 0 0 0 0 0 0 0 0 
2 4 7 15 18 82 91 100 1000 1200 8644 1523 1673 8644 8644 8644 8644 1673 1673 1673 1673 1523 1523 1523 1523 1200 1200 1200 1200 228 723 777 900 965 1000 1000 1000 1000 965 965 965 965 853 900 900 900 900 853 853 853 853 747 777 777 777 777 747 747 747 747 439 568 723 723 723 723 568 568 568 568 256 439 439 439 439 256 256 256 143 147 156 227 228 228 228 228 188 227 227 227 227 188 188 188 188 150 156 156 156 156 148 150 150 150 150 148 148 148 147 147 147 147 142 143 143 143 143 142 142 142 142 92 100 100 100 100 100 100 100 100 92 92 92 92 92 92 92 92 92 88 91 91 91 91 91 91 91 91 88 88 88 88 23 52 63 64 73 82 82 82 82 82 82 82 82 66 71 73 73 73 73 71 71 71 71 66 66 66 66 64 64 64 64 63 63 63 63 45 52 52 52 52 32 45 45 45 31 32 32 32 31 31 31 23 23 23 23 18 16 18 18 18 18 18 18 18 16 16 16 10 15 15 15 15 15 15 15 15 8 10 10 10 10 8 8 8 5 6 7 7 7 7 7 7 7 7 6 6 6 6 5 5 5 5 5 5 5 5 5 5 5 5 4 4 4 3 4 4 4 4 4 4 4 4 4 4 4 4 4 4 3 3 3 1 2 2 2 2 2 2 2 2 2 2 0 1 1 1 1 1 1 1 1 0 0 0 0 0 0 0 0 0 
2 4 7 15 18 82 91 100 1000 1200 8644 1523 1673 8644 8644 8644 8644 1673 1673 1673 1673 1523 1523 1523 1523 1200 1200 1200 1200 228 723 777 900 965 1000 1000 1000 1000 1000 965 965 965 965 853 900 900 900 900 853 853 853 853 747 777 777 777 777 747 747 747 747 439 568 723 723 723 723 568 568 568 568 256 439 439 439 439 256 256 256 256 143 147 156 227 228 228 228 228 188 227 227 227 227 188 188 188 188 150 156 156 156 156 148 150 150 150 150 148 148 148 148 147 147 147 147 142 143 143 143 143 142 142 142 142 92 100 100 100 100 100 100 100 100 100 100 92 92 92 92 92 92 92 92 92 92 88 91 91 91 91 91 91 91 91 91 91 88 88 88 88 88 23 52 63 64 73 82 82 82 82 82 82 82 82 82 82 66 71 73 73 73 73 71 71 71 71 66 66 66 66 64 64 64 64 63 63 63 63 45 52 52 52 52 32 45 45 45 45 31 32 32 32 32 31 31 31 31 23 23 23 23 18 16 18 18 18 18 18 18 18 18 18 16 16 16 16 10 15 15 15 15 15 15 15 15 15 15 8 10 10 10 10 8 8 8 8 5 6 7 7 7 7 7 7 7 7 7 7 6 6 6 6 5 5 5 5 5 5 5 5 5 5 5 5 5 5 5 4 4 4 3 4 4 4 4 4 4 4 4 4 4 4 4 4 4 4 4 4 4 3 3 3 3 1 2 2 2 2 2 2 2 2 2 2 2 2 2 0 1 1 1 1 1 1 1 1 1 1 0 0 0 0 0 0 0 0 0 0 
2 4 7 15 18 82 91 100 1000 1200 8644 1523 1673 8644 8644 8644 8644 8644 1673 1673 1673 1673 1673 1523 1523 1523 1523 1523 1200 1200 1200 1200 1200 228 723 777 900 965 1000 1000 1000 1000 1000 965 965 965 965 965 853 900 900 900 900 900 853 853 853 853 853 747 777 777 777 777 777 747 747 747 747 747 439 568 723 723 723 723 723 568 568 568 568 568 256 439 439 439 439 439 256 256 256 256 143 147 156 227 228 228 228 228 228 188 227 227 227 227 227 188 188 188 188 188 150 156 156 156 156 156 148 150 150 150 150 150 148 148 148 148 147 147 147 147 147 142 143 143 143 143 143 142 142 142 142 142 92 100 100 100 100 100 100 100 100 100 100 92 92 92 92 92 92 92 92 92 92 92 88 91 91 91 91 91 91 91 91 91 91 88 88 88 88 88 23 52 63 64 73 82 82 82 82 82 82 82 82 82 82 66 71 73 73 73 73 73 71 71 71 71 71 66 66 66 66 66 64 64 64 64 64 63 63 63 63 63 45 52 52 52 52 52 32 45 45 45 45 31 32 32 32 32 31 31 31 31 23 23 23 23 23 18 16 18 18 18 18 18 18 18 18 18 16 16 16 16 10 15 15 15 15 15 15 15 15 15 15 8 10 10 10 10 10 8 8 8 8 5 6 7 7 7 7 7 7 7 7 7 7 6 6 6 6 6 5 5 5 5 5 5 5 5 5 5 5 5 5 5 5 4 4 4 3 4 4 4 4 4 4 4 4 4 4 4 4 4 4 4 4 4 4 3 3 3 3 1 2 2 2 2 2 2 2 2 2 2 2 2 2 0 1 1 1 1 1 1 1 1 1 1 0 0 0 0 0 0 0 0 0 0 0 
2 4 7 15 18 82 91 100 1000 1200 8644 1523 1673 8644 8644 8644 8644 8644 1673 1673 1673 1673 1673 1523 1523 1523 1523 1523 1200 1200 1200 1200 1200 228 723 777 900 965 1000 1000 1000 1000 1000 1000 965 965 965 965 965 853 900 900 900 900 900 853 853 853 853 853 747 777 777 777 777 777 747 747 747 747 747 439 568 723 723 723 723 723 568 568 568 568 568 256 439 439 439 439 439 256 256 256 256 256 143 147 156 227 228 228 228 228 228 188 227 227 227 227 227 188 188 188 188 188 150 156 156 156 156 156 148 150 150 150 150 150 148 148 148 148 148 147 147 147 147 147 142 143 143 143 143 143 142 142 142 142 142 92 100 100 100 100 100 100 100 100 100 100 100 100 92 92 92 92 92 92 92 92 92 92 92 92 88 91 91 91 91 91 91 91 91 91 91 91 91 88 88 88 88 88 88 23 52 63 64 73 82 82 82 82 82 82 82 82 82 82 82 82 66 71 73 73 73 73 73 71 71 71 71 71 66 66 66 66 66 64 64 64 64 64 63 63 63 63 63 45 52 52 52 52 52 32 45 45 45 45 45 31 32 32 32 32 32 31 31 31 31 31 23 23 23 23 23 18 16 18 18 18 18 18 18 18 18 18 18 18 16 16 16 16 16 10 15 15 15 15 15 15 15 15 15 15 15 15 8 10 10 10 10 10 8 8 8 8 8 5 6 7 7 7 7 7 7 7 7 7 7 7 7 6 6 6 6 6 5 5 5 5 5 5 5 5 5 5 5 5 5 5 5 5 5 5 4 4 4 3 4 4 4 4 4 4 4 4 4 4 4 4 4 4 4 4 4 4 4 4 4 4 3 3 3 3 3 1 2 2 2 2 2 2 2 2 2 2 2 2 2 2 2 2 0 1 1 1 1 1 1 1 1 1 1 1 1 0 0 0 0 0 0 0 0 0 0 0 0 
2 4 7 15 18 82 91 100 1000 1200 8644 1523 1673 8644 8644 8644 8644 8644 8644 1673 1673 1673 1673 1673 1673 1523 1523 1523 1523 1523 1523 1200 1200 1200 1200 1200 1200 228 723 777 900 965 1000 1000 1000 1000 1000 1000 965 965 965 965 965 965 853 900 900 900 900 900 900 853 853 853 853 853 853 747 777 777 777 777 777 777 747 747 747 747 747 747 439 568 723 723 723 723 723 723 568 568 568 568 568 568 256 439 439 439 439 439 439 256 256 256 256 256 143 147 156 227 228 228 228 228 228 228 188 227 227 227 227 227 227 188 188 188 188 188 188 150 156 156 156 156 156 156 148 150 150 150 150 150 150 148 148 148 148 148 147 147 147 147 147 147 142 143 143 143 143 143 143 142 142 142 142 142 142 92 100 100 100 100 100 100 100 100 100 100 100 100 92 92 92 92 92 92 92 92 92 92 92 92 92 88 91 91 91 91 91 91 91 91 91 91 91 91 88 88 88 88 88 88 23 52 63 64 73 82 82 82 82 82 82 82 82 82 82 82 82 66 71 73 73 73 73 73 73 71 71 71 71 71 71 66 66 66 66 66 66 64 64 64 64 64 64 63 63 63 63 63 63 45 52 52 52 52 52 52 32 45 45 45 45 45 31 32 32 32 32 32 31 31 31 31 31 23 23 23 23 23 23 18 16 18 18 18 18 18 18 18 18 18 18 18 16 16 16 16 16 10 15 15 15 15 15 15 15 15 15 15 15 15 8 10 10 10 10 10 10 8 8 8 8 8 5 6 7 7 7 7 7 7 7 7 7 7 7 7 6 6 6 6 6 6 5 5 5 5 5 5 5 5 5 5 5 5 5 5 5 5 5 5 4 4 4 3 4 4 4 4 4 4 4 4 4 4 4 4 4 4 4 4 4 4 4 4 4 4 3 3 3 3 3 1 2 2 2 2 2 2 2 2 2 2 2 2 2 2 2 2 0 1 1 1 1 1 1 1 1 1 1 1 1 0 0 0 0 0 0 0 0 0 0 0 0 0 
2 4 7 15 18 82 91 100 1000 1200 8644 1523 1673 8644 8644 8644 8644 8644 8644 1673 1673 1673 1673 1673 1673 1523 1523 1523 1523 1523 1523 1200 1200 1200 1200 1200 1200 228 723 777 900 965 1000 1000 1000 1000 1000 1000 1000 965 965 965 965 965 965 853 900 900 900 900 900 900 853 853 853 853 853 853 747 777 777 777 777 777 777 747 747 747 747 747 747 439 568 723 723 723 723 723 723 568 568 568 568 568 568 256 439 439 439 439 439 439 256 256 256 256 256 256 143 147 156 227 228 228 228 228 228 228 188 227 227 227 227 227 227 188 188 188 188 188 188 150 156 156 156 156 156 156 148 150 150 150 150 150 150 148 148 148 148 148 148 147 147 147 147 147 147 142 143 143 143 143 143 143 142 142 142 142 142 142 92 100 100 100 100 100 100 100 100 100 100 100 100 100 100 92 92 92 92 92 92 92 92 92 92 92 92 92 92 88 91 91 91 91 91 91 91 91 91 91 91 91 91 91 88 88 88 88 88 88 88 23 52 63 64 73 82 82 82 82 82 82 82 82 82 82 82 82 82 82 66 71 73 73 73 73 73 73 71 71 71 71 71 71 66 66 66 66 66 66 64 64 64 64 64 64 63 63 63 63 63 63 45 52 52 52 52 52 52 32 45 45 45 45 45 45 31 32 32 32 32 32 32 31 31 31 31 31 31 23 23 23 23 23 23 18 16 18 18 18 18 18 18 18 18 18 18 18 18 18 16 16 16 16 16 16 10 15 15 15 15 15 15 15 15 15 15 15 15 15 15 8 10 10 10 10 10 10 8 8 8 8 8 8 5 6 7 7 7 7 7 7 7 7 7 7 7 7 7 7 6 6 6 6 6 6 5 5 5 5 5 5 5 5 5 5 5 5 5 5 5 5 5 5 5 5 5 4 4 4 3 4 4 4 4 4 4 4 4 4 4 4 4 4 4 4 4 4 4 4 4 4 4 4 4 4 4 3 3 3 3 3 3 1 2 2 2 2 2 2 2 2 2 2 2 2 2 2 2 2 2 2 2 0 1 1 1 1 1 1 1 1 1 1 1 1 1 1 0 0 0 0 0 0 0 0 0 0 0 0 0 0 
2 4 7 15 18 82 91 100 1000 1200 8644 1523 1673 8644 8644 8644 8644 8644 8644 8644 1673 1673 1673 1673 1673 1673 1673 1523 1523 1523 1523 1523 1523 1523 1200 1200 1200 1200 1200 1200 1200 228 723 777 900 965 1000 1000 1000 1000 1000 1000 1000 965 965 965 965 965 965 965 853 900 900 900 900 900 900 900 853 853 853 853 853 853 853 747 777 777 777 777 777 777 777 747 747 747 747 747 747 747 439 568 723 723 723 723 723 723 723 568 568 568 568 568 568 568 256 439 439 439 439 439 439 439 256 256 256 256 256 256 143 147 156 227 228 228 228 228 228 228 228 188 227 227 227 227 227 227 227 188 188 188 188 188 188 188 150 156 156 156 156 156 156 156 148 150 150 150 150 150 150 150 148 148 148 148 148 148 147 147 147 147 147 147 147 142 143 143 143 143 143 143 143 142 142 142 142 142 142 142 92 100 100 100 100 100 100 100 100 100 100 100 100 100 100 92 92 92 92 92 92 92 92 92 92 92 92 92 92 92 88 91 91 91 91 91 91 91 91 91 91 91 91 91 91 88 88 88 88 88 88 88 23 52 63 64 73 82 82 82 82 82 82 82 82 82 82 82 82 82 82 66 71 73 73 73 73 73 73 73 71 71 71 71 71 71 71 66 66 66 66 66 66 66 64 64 64 64 64 64 64 63 63 63 63 63 63 63 45 52 52 52 52 52 52 52 32 45 45 45 45 45 45 31 32 32 32 32 32 32 31 31 31 31 31 31 23 23 23 23 23 23 23 18 16 18 18 18 18 18 18 18 18 18 18 18 18 18 16 16 16 16 16 16 10 15 15 15 15 15 15 15 15 15 15 15 15 15 15 8 10 10 10 10 10 10 10 8 8 8 8 8 8 5 6 7 7 7 7 7 7 7 7 7 7 7 7 7 7 6 6 6 6 6 6 6 5 5 5 5 5 5 5 5 5 5 5 5 5 5 5 5 5 5 5 5 5 4 4 4 3 4 4 4 4 4 4 4 4 4 4 4 4 4 4 4 4 4 4 4 4 4 4 4 4 4 4 3 3 3 3 3 3 1 2 2 2 2 2 2 2 2 2 2 2 2 2 2 2 2 2 2 2 0 1 1 1 1 1 1 1 1 1 1 1 1 1 1 0 0 0 0 0 0 0 0 0 0 0 0 0 0 0 
2 4 7 15 18 82 91 100 1000 1200 8644 1523 1673 8644 8644 8644 8644 8644 8644 8644 1673 1673 1673 1673 1673 1673 1673 1523 1523 1523 1523 1523 1523 1523 1200 1200 1200 1200 1200 1200 1200 228 723 777 900 965 1000 1000 1000 1000 1000 1000 1000 1000 965 965 965 965 965 965 965 853 900 900 900 900 900 900 900 853 853 853 853 853 853 853 747 777 777 777 777 777 777 777 747 747 747 747 747 747 747 439 568 723 723 723 723 723 723 723 568 568 568 568 568 568 568 256 439 439 439 439 439 439 439 256 256 256 256 256 256 256 143 147 156 227 228 228 228 228 228 228 228 188 227 227 227 227 227 227 227 188 188 188 188 188 188 188 150 156 156 156 156 156 156 156 148 150 150 150 150 150 150 150 148 148 148 148 148 148 148 147 147 147 147 147 147 147 142 143 143 143 143 143 143 143 142 142 142 142 142 142 142 92 100 100 100 100 100 100 100 100 100 100 100 100 100 100 100 100 92 92 92 92 92 92 92 92 92 92 92 92 92 92 92 92 88 91 91 91 91 91 91 91 91 91 91 91 91 91 91 91 91 88 88 88 88 88 88 88 88 23 52 63 64 73 82 82 82 82 82 82 82 82 82 82 82 82 82 82 82 82 66 71 73 73 73 73 73 73 73 71 71 71 71 71 71 71 66 66 66 66 66 66 66 64 64 64 64 64 64 64 63 63 63 63 63 63 63 45 52 52 52 52 52 52 52 32 45 45 45 45 45 45 45 31 32 32 32 32 32 32 32 31 31 31 31 31 31 31 23 23 23 23 23 23 23 18 16 18 18 18 18 18 18 18 18 18 18 18 18 18 18 18 16 16 16 16 16 16 16 10 15 15 15 15 15 15 15 15 15 15 15 15 15 15 15 15 8 10 10 10 10 10 10 10 8 8 8 8 8 8 8 5 6 7 7 7 7 7 7 7 7 7 7 7 7 7 7 7 7 6 6 6 6 6 6 6 5 5 5 5 5 5 5 5 5 5 5 5 5 5 5 5 5 5 5 5 5 5 5 5 4 4 4 3 4 4 4 4 4 4 4 4 4 4 4 4 4 4 4 4 4 4 4 4 4 4 4 4 4 4 4 4 4 4 3 3 3 3 3 3 3 1 2 2 2 2 2 2 2 2 2 2 2 2 2 2 2 2 2 2 2 2 2 2 0 1 1 1 1 1 1 1 1 1 1 1 1 1 1 1 1 0 0 0 0 0 0 0 0 0 0 0 0 0 0 0 0 
2 4 7 15 18 82 91 100 1000 1200 8644 1523 1673 8644 8644 8644 8644 8644 8644 8644 8644 1673 1673 1673 1673 1673 1673 1673 1673 1523 1523 1523 1523 1523 1523 1523 1523 1200 1200 1200 1200 1200 1200 1200 1200 228 723 777 900 965 1000 1000 1000 1000 1000 1000 1000 1000 965 965 965 965 965 965 965 965 853 900 900 900 900 900 900 900 900 853 853 853 853 853 853 853 853 747 777 777 777 777 777 777 777 777 747 747 747 747 747 747 747 747 439 568 723 723 723 723 723 723 723 723 568 568 568 568 568 568 568 568 256 439 439 439 439 439 439 439 439 256 256 256 256 256 256 256 143 147 156 227 228 228 228 228 228 228 228 228 188 227 227 227 227 227 227 227 227 188 188 188 188 188 188 188 188 150 156 156 156 156 156 156 156 156 148 150 150 150 150 150 150 150 150 148 148 148 148 148 148 148 147 147 147 147 147 147 147 147 142 143 143 143 143 143 143 143 143 142 142 142 142 142 142 142 142 92 100 100 100 100 100 100 100 100 100 100 100 100 100 100 100 100 92 92 92 92 92 92 92 92 92 92 92 92 92 92 92 92 92 88 91 91 91 91 91 91 91 91 91 91 91 91 91 91 91 91 88 88 88 88 88 88 88 88 23 52 63 64 73 82 82 82 82 82 82 82 82 82 82 82 82 82 82 82 82 66 71 73 73 73 73 73 73 73 73 71 71 71 71 71 71 71 71 66 66 66 66 66 66 66 66 64 64 64 64 64 64 64 64 63 63 63 63 63 63 63 63 45 52 52 52 52 52 52 52 52 32 45 45 45 45 45 45 45 31 32 32 32 32 32 32 32 31 31 31 31 31 31 31 23 23 23 23 23 23 23 23 18 16 18 18 18 18 18 18 18 18 18 18 18 18 18 18 18 16 16 16 16 16 16 16 10 15 15 15 15 15 15 15 15 15 15 15 15 15 15 15 15 8 10 10 10 10 10 10 10 10 8 8 8 8 8 8 8 5 6 7 7 7 7 7 7 7 7 7 7 7 7 7 7 7 7 6 6 6 6 6 6 6 6 5 5 5 5 5 5 5 5 5 5 5 5 5 5 5 5 5 5 5 5 5 5 5 5 4 4 4 3 4 4 4 4 4 4 4 4 4 4 4 4 4 4 4 4 4 4 4 4 4 4 4 4 4 4 4 4 4 4 3 3 3 3 3 3 3 1 2 2 2 2 2 2 2 2 2 2 2 2 2 2 2 2 2 2 2 2 2 2 0 1 1 1 1 1 1 1 1 1 1 1 1 1 1 1 1 0 0 0 0 0 0 0 0 0 0 0 0 0 0 0 0 0 
2 4 7 15 18 82 91 100 1000 1200 8644 1523 1673 8644 8644 8644 8644 8644 8644 8644 8644 1673 1673 1673 1673 1673 1673 1673 1673 1523 1523 1523 1523 1523 1523 1523 1523 1200 1200 1200 1200 1200 1200 1200 1200 228 723 777 900 965 1000 1000 1000 1000 1000 1000 1000 1000 1000 965 965 965 965 965 965 965 965 853 900 900 900 900 900 900 900 900 853 853 853 853 853 853 853 853 747 777 777 777 777 777 777 777 777 747 747 747 747 747 747 747 747 439 568 723 723 723 723 723 723 723 723 568 568 568 568 568 568 568 568 256 439 439 439 439 439 439 439 439 256 256 256 256 256 256 256 256 143 147 156 227 228 228 228 228 228 228 228 228 188 227 227 227 227 227 227 227 227 188 188 188 188 188 188 188 188 150 156 156 156 156 156 156 156 156 148 150 150 150 150 150 150 150 150 148 148 148 148 148 148 148 148 147 147 147 147 147 147 147 147 142 143 143 143 143 143 143 143 143 142 142 142 142 142 142 142 142 92 100 100 100 100 100 100 100 100 100 100 100 100 100 100 100 100 100 100 92 92 92 92 92 92 92 92 92 92 92 92 92 92 92 92 92 92 88 91 91 91 91 91 91 91 91 91 91 91 91 91 91 91 91 91 91 88 88 88 88 88 88 88 88 88 23 52 63 64 73 82 82 82 82 82 82 82 82 82 82 82 82 82 82 82 82 82 82 66 71 73 73 73 73 73 73 73 73 71 71 71 71 71 71 71 71 66 66 66 66 66 66 66 66 64 64 64 64 64 64 64 64 63 63 63 63 63 63 63 63 45 52 52 52 52 52 52 52 52 32 45 45 45 45 45 45 45 45 31 32 32 32 32 32 32 32 32 31 31 31 31 31 31 31 31 23 23 23 23 23 23 23 23 18 16 18 18 18 18 18 18 18 18 18 18 18 18 18 18 18 18 18 16 16 16 16 16 16 16 16 10 15 15 15 15 15 15 15 15 15 15 15 15 15 15 15 15 15 15 8 10 10 10 10 10 10 10 10 8 8 8 8 8 8 8 8 5 6 7 7 7 7 7 7 7 7 7 7 7 7 7 7 7 7 7 7 6 6 6 6 6 6 6 6 5 5 5 5 5 5 5 5 5 5 5 5 5 5 5 5 5 5 5 5 5 5 5 5 5 5 5 4 4 4 3 4 4 4 4 4 4 4 4 4 4 4 4 4 4 4 4 4 4 4 4 4 4 4 4 4 4 4 4 4 4 4 4 4 4 3 3 3 3 3 3 3 3 1 2 2 2 2 2 2 2 2 2 2 2 2 2 2 2 2 2 2 2 2 2 2 2 2 2 0 1 1 1 1 1 1 1 1 1 1 1 1 1 1 1 1 1 1 0 0 0 0 0 0 0 0 0 0 0 0 0 0 0 0 0 0 
2 4 7 15 18 82 91 100 1000 1200 8644 1523 1673 8644 8644 8644 8644 8644 8644 8644 8644 8644 1673 1673 1673 1673 1673 1673 1673 1673 1673 1523 1523 1523 1523 1523 1523 1523 1523 1523 1200 1200 1200 1200 1200 1200 1200 1200 1200 228 723 777 900 965 1000 1000 1000 1000 1000 1000 1000 1000 1000 965 965 965 965 965 965 965 965 965 853 900 900 900 900 900 900 900 900 900 853 853 853 853 853 853 853 853 853 747 777 777 777 777 777 777 777 777 777 747 747 747 747 747 747 747 747 747 439 568 723 723 723 723 723 723 723 723 723 568 568 568 568 568 568 568 568 568 256 439 439 439 439 439 439 439 439 439 256 256 256 256 256 256 256 256 143 147 156 227 228 228 228 228 228 228 228 228 228 188 227 227 227 227 227 227 227 227 227 188 188 188 188 188 188 188 188 188 150 156 156 156 156 156 156 156 156 156 148 150 150 150 150 150 150 150 150 150 148 148 148 148 148 148 148 148 147 147 147 147 147 147 147 147 147 142 143 143 143 143 143 143 143 143 143 142 142 142 142 142 142 142 142 142 92 100 100 100 100 100 100 100 100 100 100 100 100 100 100 100 100 100 100 92 92 92 92 92 92 92 92 92 92 92 92 92 92 92 92 92 92 92 88 91 91 91 91 91 91 91 91 91 91 91 91 91 91 91 91 91 91 88 88 88 88 88 88 88 88 88 23 52 63 64 73 82 82 82 82 82 82 82 82 82 82 82 82 82 82 82 82 82 82 66 71 73 73 73 73 73 73 73 73 73 71 71 71 71 71 71 71 71 71 66 66 66 66 66 66 66 66 66 64 64 64 64 64 64 64 64 64 63 63 63 63 63 63 63 63 63 45 52 52 52 52 52 52 52 52 52 32 45 45 45 45 45 45 45 45 31 32 32 32 32 32 32 32 32 31 31 31 31 31 31 31 31 23 23 23 23 23 23 23 23 23 18 16 18 18 18 18 18 18 18 18 18 18 18 18 18 18 18 18 18 16 16 16 16 16 16 16 16 10 15 15 15 15 15 15 15 15 15 15 15 15 15 15 15 15 15 15 8 10 10 10 10 10 10 10 10 10 8 8 8 8 8 8 8 8 5 6 7 7 7 7 7 7 7 7 7 7 7 7 7 7 7 7 7 7 6 6 6 6 6 6 6 6 6 5 5 5 5 5 5 5 5 5 5 5 5 5 5 5 5 5 5 5 5 5 5 5 5 5 5 5 4 4 4 3 4 4 4 4 4 4 4 4 4 4 4 4 4 4 4 4 4 4 4 4 4 4 4 4 4 4 4 4 4 4 4 4 4 4 3 3 3 3 3 3 3 3 1 2 2 2 2 2 2 2 2 2 2 2 2 2 2 2 2 2 2 2 2 2 2 2 2 2 0 1 1 1 1 1 1 1 1 1 1 1 1 1 1 1 1 1 1 0 0 0 0 0 0 0 0 0 0 0 0 0 0 0 0 0 0 0 
2 4 7 15 18 82 91 100 1000 1200 8644 1523 1673 8644 8644 8644 8644 8644 8644 8644 8644 8644 1673 1673 1673 1673 1673 1673 1673 1673 1673 1523 1523 1523 1523 1523 1523 1523 1523 1523 1200 1200 1200 1200 1200 1200 1200 1200 1200 228 723 777 900 965 1000 1000 1000 1000 1000 1000 1000 1000 1000 1000 965 965 965 965 965 965 965 965 965 853 900 900 900 900 900 900 900 900 900 853 853 853 853 853 853 853 853 853 747 777 777 777 777 777 777 777 777 777 747 747 747 747 747 747 747 747 747 439 568 723 723 723 723 723 723 723 723 723 568 568 568 568 568 568 568 568 568 256 439 439 439 439 439 439 439 439 439 256 256 256 256 256 256 256 256 256 143 147 156 227 228 228 228 228 228 228 228 228 228 188 227 227 227 227 227 227 227 227 227 188 188 188 188 188 188 188 188 188 150 156 156 156 156 156 156 156 156 156 148 150 150 150 150 150 150 150 150 150 148 148 148 148 148 148 148 148 148 147 147 147 147 147 147 147 147 147 142 143 143 143 143 143 143 143 143 143 142 142 142 142 142 142 142 142 142 92 100 100 100 100 100 100 100 100 100 100 100 100 100 100 100 100 100 100 100 100 92 92 92 92 92 92 92 92 92 92 92 92 92 92 92 92 92 92 92 92 88 91 91 91 91 91 91 91 91 91 91 91 91 91 91 91 91 91 91 91 91 88 88 88 88 88 88 88 88 88 88 23 52 63 64 73 82 82 82 82 82 82 82 82 82 82 82 82 82 82 82 82 82 82 82 82 66 71 73 73 73 73 73 73 73 73 73 71 71 71 71 71 71 71 71 71 66 66 66 66 66 66 66 66 66 64 64 64 64 64 64 64 64 64 63 63 63 63 63 63 63 63 63 45 52 52 52 52 52 52 52 52 52 32 45 45 45 45 45 45 45 45 45 31 32 32 32 32 32 32 32 32 32 31 31 31 31 31 31 31 31 31 23 23 23 23 23 23 23 23 23 18 16 18 18 18 18 18 18 18 18 18 18 18 18 18 18 18 18 18 18 18 16 16 16 16 16 16 16 16 16 10 15 15 15 15 15 15 15 15 15 15 15 15 15 15 15 15 15 15 15 15 8 10 10 10 10 10 10 10 10 10 8 8 8 8 8 8 8 8 8 5 6 7 7 7 7 7 7 7 7 7 7 7 7 7 7 7 7 7 7 7 7 6 6 6 6 6 6 6 6 6 5 5 5 5 5 5 5 5 5 5 5 5 5 5 5 5 5 5 5 5 5 5 5 5 5 5 5 5 5 5 4 4 4 3 4 4 4 4 4 4 4 4 4 4 4 4 4 4 4 4 4 4 4 4 4 4 4 4 4 4 4 4 4 4 4 4 4 4 4 4 4 4 3 3 3 3 3 3 3 3 3 1 2 2 2 2 2 2 2 2 2 2 2 2 2 2 2 2 2 2 2 2 2 2 2 2 2 2 2 2 0 1 1 1 1 1 1 1 1 1 1 1 1 1 1 1 1 1 1 1 1 0 0 0 0 0 0 0 0 0 0 0 0 0 0 0 0 0 0 0 0 
2 4 7 15 18 82 91 100 1000 1200 8644 1523 1673 8644 8644 8644 8644 8644 8644 8644 8644 8644 8644 1673 1673 1673 1673 1673 1673 1673 1673 1673 1673 1523 1523 1523 1523 1523 1523 1523 1523 1523 1523 1200 1200 1200 1200 1200 1200 1200 1200 1200 1200 228 723 777 900 965 1000 1000 1000 1000 1000 1000 1000 1000 1000 1000 965 965 965 965 965 965 965 965 965 965 853 900 900 900 900 900 900 900 900 900 900 853 853 853 853 853 853 853 853 853 853 747 777 777 777 777 777 777 777 777 777 777 747 747 747 747 747 747 747 747 747 747 439 568 723 723 723 723 723 723 723 723 723 723 568 568 568 568 568 568 568 568 568 568 256 439 439 439 439 439 439 439 439 439 439 256 256 256 256 256 256 256 256 256 143 147 156 227 228 228 228 228 228 228 228 228 228 228 188 227 227 227 227 227 227 227 227 227 227 188 188 188 188 188 188 188 188 188 188 150 156 156 156 156 156 156 156 156 156 156 148 150 150 150 150 150 150 150 150 150 150 148 148 148 148 148 148 148 148 148 147 147 147 147 147 147 147 147 147 147 142 143 143 143 143 143 143 143 143 143 143 142 142 142 142 142 142 142 142 142 142 92 100 100 100 100 100 100 100 100 100 100 100 100 100 100 100 100 100 100 100 100 92 92 92 92 92 92 92 92 92 92 92 92 92 92 92 92 92 92 92 92 92 88 91 91 91 91 91 91 91 91 91 91 91 91 91 91 91 91 91 91 91 91 88 88 88 88 88 88 88 88 88 88 23 52 63 64 73 82 82 82 82 82 82 82 82 82 82 82 82 82 82 82 82 82 82 82 82 66 71 73 73 73 73 73 73 73 73 73 73 71 71 71 71 71 71 71 71 71 71 66 66 66 66 66 66 66 66 66 66 64 64 64 64 64 64 64 64 64 64 63 63 63 63 63 63 63 63 63 63 45 52 52 52 52 52 52 52 52 52 52 32 45 45 45 45 45 45 45 45 45 31 32 32 32 32 32 32 32 32 32 31 31 31 31 31 31 31 31 31 23 23 23 23 23 23 23 23 23 23 18 16 18 18 18 18 18 18 18 18 18 18 18 18 18 18 18 18 18 18 18 16 16 16 16 16 16 16 16 16 10 15 15 15 15 15 15 15 15 15 15 15 15 15 15 15 15 15 15 15 15 8 10 10 10 10 10 10 10 10 10 10 8 8 8 8 8 8 8 8 8 5 6 7 7 7 7 7 7 7 7 7 7 7 7 7 7 7 7 7 7 7 7 6 6 6 6 6 6 6 6 6 6 5 5 5 5 5 5 5 5 5 5 5 5 5 5 5 5 5 5 5 5 5 5 5 5 5 5 5 5 5 5 4 4 4 3 4 4 4 4 4 4 4 4 4 4 4 4 4 4 4 4 4 4 4 4 4 4 4 4 4 4 4 4 4 4 4 4 4 4 4 4 4 4 3 3 3 3 3 3 3 3 3 1 2 2 2 2 2 2 2 2 2 2 2 2 2 2 2 2 2 2 2 2 2 2 2 2 2 2 2 2 0 1 1 1 1 1 1 1 1 1 1 1 1 1 1 1 1 1 1 1 1 0 0 0 0 0 0 0 0 0 0 0 0 0 0 0 0 0 0 0 0 0 
2 4 7 15 18 82 91 100 1000 1200 8644 1523 1673 8644 8644 8644 8644 8644 8644 8644 8644 8644 8644 1673 1673 1673 1673 1673 1673 1673 1673 1673 1673 1523 1523 1523 1523 1523 1523 1523 1523 1523 1523 1200 1200 1200 1200 1200 1200 1200 1200 1200 1200 228 723 777 900 965 1000 1000 1000 1000 1000 1000 1000 1000 1000 1000 1000 965 965 965 965 965 965 965 965 965 965 853 900 900 900 900 900 900 900 900 900 900 853 853 853 853 853 853 853 853 853 853 747 777 777 777 777 777 777 777 777 777 777 747 747 747 747 747 747 747 747 747 747 439 568 723 723 723 723 723 723 723 723 723 723 568 568 568 568 568 568 568 568 568 568 256 439 439 439 439 439 439 439 439 439 439 256 256 256 256 256 256 256 256 256 256 143 147 156 227 228 228 228 228 228 228 228 228 228 228 188 227 227 227 227 227 227 227 227 227 227 188 188 188 188 188 188 188 188 188 188 150 156 156 156 156 156 156 156 156 156 156 148 150 150 150 150 150 150 150 150 150 150 148 148 148 148 148 148 148 148 148 148 147 147 147 147 147 147 147 147 147 147 142 143 143 143 143 143 143 143 143 143 143 142 142 142 142 142 142 142 142 142 142 92 100 100 100 100 100 100 100 100 100 100 100 100 100 100 100 100 100 100 100 100 100 100 92 92 92 92 92 92 92 92 92 92 92 92 92 92 92 92 92 92 92 92 92 92 88 91 91 91 91 91 91 91 91 91 91 91 91 91 91 91 91 91 91 91 91 91 91 88 88 88 88 88 88 88 88 88 88 88 23 52 63 64 73 82 82 82 82 82 82 82 82 82 82 82 82 82 82 82 82 82 82 82 82 82 82 66 71 73 73 73 73 73 73 73 73 73 73 71 71 71 71 71 71 71 71 71 71 66 66 66 66 66 66 66 66 66 66 64 64 64 64 64 64 64 64 64 64 63 63 63 63 63 63 63 63 63 63 45 52 52 52 52 52 52 52 52 52 52 32 45 45 45 45 45 45 45 45 45 45 31 32 32 32 32 32 32 32 32 32 32 31 31 31 31 31 31 31 31 31 31 23 23 23 23 23 23 23 23 23 23 18 16 18 18 18 18 18 18 18 18 18 18 18 18 18 18 18 18 18 18 18 18 18 16 16 16 16 16 16 16 16 16 16 10 15 15 15 15 15 15 15 15 15 15 15 15 15 15 15 15 15 15 15 15 15 15 8 10 10 10 10 10 10 10 10 10 10 8 8 8 8 8 8 8 8 8 8 5 6 7 7 7 7 7 7 7 7 7 7 7 7 7 7 7 7 7 7 7 7 7 7 6 6 6 6 6 6 6 6 6 6 5 5 5 5 5 5 5 5 5 5 5 5 5 5 5 5 5 5 5 5 5 5 5 5 5 5 5 5 5 5 5 5 5 4 4 4 3 4 4 4 4 4 4 4 4 4 4 4 4 4 4 4 4 4 4 4 4 4 4 4 4 4 4 4 4 4 4 4 4 4 4 4 4 4 4 4 4 4 4 3 3 3 3 3 3 3 3 3 3 1 2 2 2 2 2 2 2 2 2 2 2 2 2 2 2 2 2 2 2 2 2 2 2 2 2 2 2 2 2 2 2 0 1 1 1 1 1 1 1 1 1 1 1 1 1 1 1 1 1 1 1 1 1 1 0 0 0 0 0 0 0 0 0 0 0 0 0 0 0 0 0 0 0 0 0 0 
2 4 7 15 18 82 91 100 1000 1200 8644 1523 1673 8644 8644 8644 8644 8644 8644 8644 8644 8644 8644 8644 1673 1673 1673 1673 1673 1673 1673 1673 1673 1673 1673 1523 1523 1523 1523 1523 1523 1523 1523 1523 1523 1523 1200 1200 1200 1200 1200 1200 1200 1200 1200 1200 1200 228 723 777 900 965 1000 1000 1000 1000 1000 1000 1000 1000 1000 1000 1000 965 965 965 965 965 965 965 965 965 965 965 853 900 900 900 900 900 900 900 900 900 900 900 853 853 853 853 853 853 853 853 853 853 853 747 777 777 777 777 777 777 777 777 777 777 777 747 747 747 747 747 747 747 747 747 747 747 439 568 723 723 723 723 723 723 723 723 723 723 723 568 568 568 568 568 568 568 568 568 568 568 256 439 439 439 439 439 439 439 439 439 439 439 256 256 256 256 256 256 256 256 256 256 143 147 156 227 228 228 228 228 228 228 228 228 228 228 228 188 227 227 227 227 227 227 227 227 227 227 227 188 188 188 188 188 188 188 188 188 188 188 150 156 156 156 156 156 156 156 156 156 156 156 148 150 150 150 150 150 150 150 150 150 150 150 148 148 148 148 148 148 148 148 148 148 147 147 147 147 147 147 147 147 147 147 147 142 143 143 143 143 143 143 143 143 143 143 143 142 142 142 142 142 142 142 142 142 142 142 92 100 100 100 100 100 100 100 100 100 100 100 100 100 100 100 100 100 100 100 100 100 100 92 92 92 92 92 92 92 92 92 92 92 92 92 92 92 92 92 92 92 92 92 92 92 88 91 91 91 91 91 91 91 91 91 91 91 91 91 91 91 91 91 91 91 91 91 91 88 88 88 88 88 88 88 88 88 88 88 23 52 63 64 73 82 82 82 82 82 82 82 82 82 82 82 82 82 82 82 82 82 82 82 82 82 82 66 71 73 73 73 73 73 73 73 73 73 73 73 71 71 71 71 71 71 71 71 71 71 71 66 66 66 66 66 66 66 66 66 66 66 64 64 64 64 64 64 64 64 64 64 64 63 63 63 63 63 63 63 63 63 63 63 45 52 52 52 52 52 52 52 52 52 52 52 32 45 45 45 45 45 45 45 45 45 45 31 32 32 32 32 32 32 32 32 32 32 31 31 31 31 31 31 31 31 31 31 23 23 23 23 23 23 23 23 23 23 23 18 16 18 18 18 18 18 18 18 18 18 18 18 18 18 18 18 18 18 18 18 18 18 16 16 16 16 16 16 16 16 16 16 10 15 15 15 15 15 15 15 15 15 15 15 15 15 15 15 15 15 15 15 15 15 15 8 10 10 10 10 10 10 10 10 10 10 10 8 8 8 8 8 8 8 8 8 8 5 6 7 7 7 7 7 7 7 7 7 7 7 7 7 7 7 7 7 7 7 7 7 7 6 6 6 6 6 6 6 6 6 6 6 5 5 5 5 5 5 5 5 5 5 5 5 5 5 5 5 5 5 5 5 5 5 5 5 5 5 5 5 5 5 5 5 5 4 4 4 3 4 4 4 4 4 4 4 4 4 4 4 4 4 4 4 4 4 4 4 4 4 4 4 4 4 4 4 4 4 4 4 4 4 4 4 4 4 4 4 4 4 4 3 3 3 3 3 3 3 3 3 3 1 2 2 2 2 2 2 2 2 2 2 2 2 2 2 2 2 2 2 2 2 2 2 2 2 2 2 2 2 2 2 2 0 1 1 1 1 1 1 1 1 1 1 1 1 1 1 1 1 1 1 1 1 1 1 0 0 0 0 0 0 0 0 0 0 0 0 0 0 0 0 0 0 0 0 0 0 0 
2 4 7 15 18 82 91 100 1000 1200 8644 1523 1673 8644 8644 8644 8644 8644 8644 8644 8644 8644 8644 8644 1673 1673 1673 1673 1673 1673 1673 1673 1673 1673 1673 1523 1523 1523 1523 1523 1523 1523 1523 1523 1523 1523 1200 1200 1200 1200 1200 1200 1200 1200 1200 1200 1200 228 723 777 900 965 1000 1000 1000 1000 1000 1000 1000 1000 1000 1000 1000 1000 965 965 965 965 965 965 965 965 965 965 965 853 900 900 900 900 900 900 900 900 900 900 900 853 853 853 853 853 853 853 853 853 853 853 747 777 777 777 777 777 777 777 777 777 777 777 747 747 747 747 747 747 747 747 747 747 747 439 568 723 723 723 723 723 723 723 723 723 723 723 568 568 568 568 568 568 568 568 568 568 568 256 439 439 439 439 439 439 439 439 439 439 439 256 256 256 256 256 256 256 256 256 256 256 143 147 156 227 228 228 228 228 228 228 228 228 228 228 228 188 227 227 227 227 227 227 227 227 227 227 227 188 188 188 188 188 188 188 188 188 188 188 150 156 156 156 156 156 156 156 156 156 156 156 148 150 150 150 150 150 150 150 150 150 150 150 148 148 148 148 148 148 148 148 148 148 148 147 147 147 147 147 147 147 147 147 147 147 142 143 143 143 143 143 143 143 143 143 143 143 142 142 142 142 142 142 142 142 142 142 142 92 100 100 100 100 100 100 100 100 100 100 100 100 100 100 100 100 100 100 100 100 100 100 100 100 92 92 92 92 92 92 92 92 92 92 92 92 92 92 92 92 92 92 92 92 92 92 92 92 88 91 91 91 91 91 91 91 91 91 91 91 91 91 91 91 91 91 91 91 91 91 91 91 91 88 88 88 88 88 88 88 88 88 88 88 88 23 52 63 64 73 82 82 82 82 82 82 82 82 82 82 82 82 82 82 82 82 82 82 82 82 82 82 82 82 66 71 73 73 73 73 73 73 73 73 73 73 73 71 71 71 71 71 71 71 71 71 71 71 66 66 66 66 66 66 66 66 66 66 66 64 64 64 64 64 64 64 64 64 64 64 63 63 63 63 63 63 63 63 63 63 63 45 52 52 52 52 52 52 52 52 52 52 52 32 45 45 45 45 45 45 45 45 45 45 45 31 32 32 32 32 32 32 32 32 32 32 32 31 31 31 31 31 31 31 31 31 31 31 23 23 23 23 23 23 23 23 23 23 23 18 16 18 18 18 18 18 18 18 18 18 18 18 18 18 18 18 18 18 18 18 18 18 18 18 16 16 16 16 16 16 16 16 16 16 16 10 15 15 15 15 15 15 15 15 15 15 15 15 15 15 15 15 15 15 15 15 15 15 15 15 8 10 10 10 10 10 10 10 10 10 10 10 8 8 8 8 8 8 8 8 8 8 8 5 6 7 7 7 7 7 7 7 7 7 7 7 7 7 7 7 7 7 7 7 7 7 7 7 7 6 6 6 6 6 6 6 6 6 6 6 5 5 5 5 5 5 5 5 5 5 5 5 5 5 5 5 5 5 5 5 5 5 5 5 5 5 5 5 5 5 5 5 5 5 5 5 4 4 4 3 4 4 4 4 4 4 4 4 4 4 4 4 4 4 4 4 4 4 4 4 4 4 4 4 4 4 4 4 4 4 4 4 4 4 4 4 4 4 4 4 4 4 4 4 4 4 3 3 3 3 3 3 3 3 3 3 3 1 2 2 2 2 2 2 2 2 2 2 2 2 2 2 2 2 2 2 2 2 2 2 2 2 2 2 2 2 2 2 2 2 2 2 0 1 1 1 1 1 1 1 1 1 1 1 1 1 1 1 1 1 1 1 1 1 1 1 1 0 0 0 0 0 0 0 0 0 0 0 0 0 0 0 0 0 0 0 0 0 0 0 0 
2 4 7 15 18 82 91 100 1000 1200 8644 1523 1673 8644 8644 8644 8644 8644 8644 8644 8644 8644 8644 8644 8644 1673 1673 1673 1673 1673 1673 1673 1673 1673 1673 1673 1673 1523 1523 1523 1523 1523 1523 1523 1523 1523 1523 1523 1523 1200 1200 1200 1200 1200 1200 1200 1200 1200 1200 1200 1200 228 723 777 900 965 1000 1000 1000 1000 1000 1000 1000 1000 1000 1000 1000 1000 965 965 965 965 965 965 965 965 965 965 965 965 853 900 900 900 900 900 900 900 900 900 900 900 900 853 853 853 853 853 853 853 853 853 853 853 853 747 777 777 777 777 777 777 777 777 777 777 777 777 747 747 747 747 747 747 747 747 747 747 747 747 439 568 723 723 723 723 723 723 723 723 723 723 723 723 568 568 568 568 568 568 568 568 568 568 568 568 256 439 439 439 439 439 439 439 439 439 439 439 439 256 256 256 256 256 256 256 256 256 256 256 143 147 156 227 228 228 228 228 228 228 228 228 228 228 228 228 188 227 227 227 227 227 227 227 227 227 227 227 227 188 188 188 188 188 188 188 188 188 188 188 188 150 156 156 156 156 156 156 156 156 156 156 156 156 148 150 150 150 150 150 150 150 150 150 150 150 150 148 148 148 148 148 148 148 148 148 148 148 147 147 147 147 147 147 147 147 147 147 147 147 142 143 143 143 143 143 143 143 143 143 143 143 143 142 142 142 142 142 142 142 142 142 142 142 142 92 100 100 100 100 100 100 100 100 100 100 100 100 100 100 100 100 100 100 100 100 100 100 100 100 92 92 92 92 92 92 92 92 92 92 92 92 92 92 92 92 92 92 92 92 92 92 92 92 92 88 91 91 91 91 91 91 91 91 91 91 91 91 91 91 91 91 91 91 91 91 91 91 91 91 88 88 88 88 88 88 88 88 88 88 88 88 23 52 63 64 73 82 82 82 82 82 82 82 82 82 82 82 82 82 82 82 82 82 82 82 82 82 82 82 82 66 71 73 73 73 73 73 73 73 73 73 73 73 73 71 71 71 71 71 71 71 71 71 71 71 71 66 66 66 66 66 66 66 66 66 66 66 66 64 64 64 64 64 64 64 64 64 64 64 64 63 63 63 63 63 63 63 63 63 63 63 63 45 52 52 52 52 52 52 52 52 52 52 52 52 32 45 45 45 45 45 45 45 45 45 45 45 31 32 32 32 32 32 32 32 32 32 32 32 31 31 31 31 31 31 31 31 31 31 31 23 23 23 23 23 23 23 23 23 23 23 23 18 16 18 18 18 18 18 18 18 18 18 18 18 18 18 18 18 18 18 18 18 18 18 18 18 16 16 16 16 16 16 16 16 16 16 16 10 15 15 15 15 15 15 15 15 15 15 15 15 15 15 15 15 15 15 15 15 15 15 15 15 8 10 10 10 10 10 10 10 10 10 10 10 10 8 8 8 8 8 8 8 8 8 8 8 5 6 7 7 7 7 7 7 7 7 7 7 7 7 7 7 7 7 7 7 7 7 7 7 7 7 6 6 6 6 6 6 6 6 6 6 6 6 5 5 5 5 5 5 5 5 5 5 5 5 5 5 5 5 5 5 5 5 5 5 5 5 5 5 5 5 5 5 5 5 5 5 5 5 4 4 4 3 4 4 4 4 4 4 4 4 4 4 4 4 4 4 4 4 4 4 4 4 4 4 4 4 4 4 4 4 4 4 4 4 4 4 4 4 4 4 4 4 4 4 4 4 4 4 3 3 3 3 3 3 3 3 3 3 3 1 2 2 2 2 2 2 2 2 2 2 2 2 2 2 2 2 2 2 2 2 2 2 2 2 2 2 2 2 2 2 2 2 2 2 0 1 1 1 1 1 1 1 1 1 1 1 1 1 1 1 1 1 1 1 1 1 1 1 1 0 0 0 0 0 0 0 0 0 0 0 0 0 0 0 0 0 0 0 0 0 0 0 0 0 
2 4 7 15 18 82 91 100 1000 1200 8644 1523 1673 8644 8644 8644 8644 8644 8644 8644 8644 8644 8644 8644 8644 1673 1673 1673 1673 1673 1673 1673 1673 1673 1673 1673 1673 1523 1523 1523 1523 1523 1523 1523 1523 1523 1523 1523 1523 1200 1200 1200 1200 1200 1200 1200 1200 1200 1200 1200 1200 228 723 777 900 965 1000 1000 1000 1000 1000 1000 1000 1000 1000 1000 1000 1000 1000 965 965 965 965 965 965 965 965 965 965 965 965 853 900 900 900 900 900 900 900 900 900 900 900 900 853 853 853 853 853 853 853 853 853 853 853 853 747 777 777 777 777 777 777 777 777 777 777 777 777 747 747 747 747 747 747 747 747 747 747 747 747 439 568 723 723 723 723 723 723 723 723 723 723 723 723 568 568 568 568 568 568 568 568 568 568 568 568 256 439 439 439 439 439 439 439 439 439 439 439 439 256 256 256 256 256 256 256 256 256 256 256 256 143 147 156 227 228 228 228 228 228 228 228 228 228 228 228 228 188 227 227 227 227 227 227 227 227 227 227 227 227 188 188 188 188 188 188 188 188 188 188 188 188 150 156 156 156 156 156 156 156 156 156 156 156 156 148 150 150 150 150 150 150 150 150 150 150 150 150 148 148 148 148 148 148 148 148 148 148 148 148 147 147 147 147 147 147 147 147 147 147 147 147 142 143 143 143 143 143 143 143 143 143 143 143 143 142 142 142 142 142 142 142 142 142 142 142 142 92 100 100 100 100 100 100 100 100 100 100 100 100 100 100 100 100 100 100 100 100 100 100 100 100 100 100 92 92 92 92 92 92 92 92 92 92 92 92 92 92 92 92 92 92 92 92 92 92 92 92 92 92 88 91 91 91 91 91 91 91 91 91 91 91 91 91 91 91 91 91 91 91 91 91 91 91 91 91 91 88 88 88 88 88 88 88 88 88 88 88 88 88 23 52 63 64 73 82 82 82 82 82 82 82 82 82 82 82 82 82 82 82 82 82 82 82 82 82 82 82 82 82 82 66 71 73 73 73 73 73 73 73 73 73 73 73 73 71 71 71 71 71 71 71 71 71 71 71 71 66 66 66 66 66 66 66 66 66 66 66 66 64 64 64 64 64 64 64 64 64 64 64 64 63 63 63 63 63 63 63 63 63 63 63 63 45 52 52 52 52 52 52 52 52 52 52 52 52 32 45 45 45 45 45 45 45 45 45 45 45 45 31 32 32 32 32 32 32 32 32 32 32 32 32 31 31 31 31 31 31 31 31 31 31 31 31 23 23 23 23 23 23 23 23 23 23 23 23 18 16 18 18 18 18 18 18 18 18 18 18 18 18 18 18 18 18 18 18 18 18 18 18 18 18 18 16 16 16 16 16 16 16 16 16 16 16 16 10 15 15 15 15 15 15 15 15 15 15 15 15 15 15 15 15 15 15 15 15 15 15 15 15 15 15 8 10 10 10 10 10 10 10 10 10 10 10 10 8 8 8 8 8 8 8 8 8 8 8 8 5 6 7 7 7 7 7 7 7 7 7 7 7 7 7 7 7 7 7 7 7 7 7 7 7 7 7 7 6 6 6 6 6 6 6 6 6 6 6 6 5 5 5 5 5 5 5 5 5 5 5 5 5 5 5 5 5 5 5 5 5 5 5 5 5 5 5 5 5 5 5 5 5 5 5 5 5 5 5 4 4 4 3 4 4 4 4 4 4 4 4 4 4 4 4 4 4 4 4 4 4 4 4 4 4 4 4 4 4 4 4 4 4 4 4 4 4 4 4 4 4 4 4 4 4 4 4 4 4 4 4 4 4 3 3 3 3 3 3 3 3 3 3 3 3 1 2 2 2 2 2 2 2 2 2 2 2 2 2 2 2 2 2 2 2 2 2 2 2 2 2 2 2 2 2 2 2 2 2 2 2 2 2 0 1 1 1 1 1 1 1 1 1 1 1 1 1 1 1 1 1 1 1 1 1 1 1 1 1 1 0 0 0 0 0 0 0 0 0 0 0 0 0 0 0 0 0 0 0 0 0 0 0 0 0 0 
2 4 7 15 18 82 91 100 1000 1200 8644 1523 1673 8644 8644 8644 8644 8644 8644 8644 8644 8644 8644 8644 8644 8644 1673 1673 1673 1673 1673 1673 1673 1673 1673 1673 1673 1673 1673 1523 1523 1523 1523 1523 1523 1523 1523 1523 1523 1523 1523 1523 1200 1200 1200 1200 1200 1200 1200 1200 1200 1200 1200 1200 1200 228 723 777 900 965 1000 1000 1000 1000 1000 1000 1000 1000 1000 1000 1000 1000 1000 965 965 965 965 965 965 965 965 965 965 965 965 965 853 900 900 900 900 900 900 900 900 900 900 900 900 900 853 853 853 853 853 853 853 853 853 853 853 853 853 747 777 777 777 777 777 777 777 777 777 777 777 777 777 747 747 747 747 747 747 747 747 747 747 747 747 747 439 568 723 723 723 723 723 723 723 723 723 723 723 723 723 568 568 568 568 568 568 568 568 568 568 568 568 568 256 439 439 439 439 439 439 439 439 439 439 439 439 439 256 256 256 256 256 256 256 256 256 256 256 256 143 147 156 227 228 228 228 228 228 228 228 228 228 228 228 228 228 188 227 227 227 227 227 227 227 227 227 227 227 227 227 188 188 188 188 188 188 188 188 188 188 188 188 188 150 156 156 156 156 156 156 156 156 156 156 156 156 156 148 150 150 150 150 150 150 150 150 150 150 150 150 150 148 148 148 148 148 148 148 148 148 148 148 148 147 147 147 147 147 147 147 147 147 147 147 147 147 142 143 143 143 143 143 143 143 143 143 143 143 143 143 142 142 142 142 142 142 142 142 142 142 142 142 142 92 100 100 100 100 100 100 100 100 100 100 100 100 100 100 100 100 100 100 100 100 100 100 100 100 100 100 92 92 92 92 92 92 92 92 92 92 92 92 92 92 92 92 92 92 92 92 92 92 92 92 92 92 92 88 91 91 91 91 91 91 91 91 91 91 91 91 91 91 91 91 91 91 91 91 91 91 91 91 91 91 88 88 88 88 88 88 88 88 88 88 88 88 88 23 52 63 64 73 82 82 82 82 82 82 82 82 82 82 82 82 82 82 82 82 82 82 82 82 82 82 82 82 82 82 66 71 73 73 73 73 73 73 73 73 73 73 73 73 73 71 71 71 71 71 71 71 71 71 71 71 71 71 66 66 66 66 66 66 66 66 66 66 66 66 66 64 64 64 64 64 64 64 64 64 64 64 64 64 63 63 63 63 63 63 63 63 63 63 63 63 63 45 52 52 52 52 52 52 52 52 52 52 52 52 52 32 45 45 45 45 45 45 45 45 45 45 45 45 31 32 32 32 32 32 32 32 32 32 32 32 32 31 31 31 31 31 31 31 31 31 31 31 31 23 23 23 23 23 23 23 23 23 23 23 23 23 18 16 18 18 18 18 18 18 18 18 18 18 18 18 18 18 18 18 18 18 18 18 18 18 18 18 18 16 16 16 16 16 16 16 16 16 16 16 16 10 15 15 15 15 15 15 15 15 15 15 15 15 15 15 15 15 15 15 15 15 15 15 15 15 15 15 8 10 10 10 10 10 10 10 10 10 10 10 10 10 8 8 8 8 8 8 8 8 8 8 8 8 5 6 7 7 7 7 7 7 7 7 7 7 7 7 7 7 7 7 7 7 7 7 7 7 7 7 7 7 6 6 6 6 6 6 6 6 6 6 6 6 6 5 5 5 5 5 5 5 5 5 5 5 5 5 5 5 5 5 5 5 5 5 5 5 5 5 5 5 5 5 5 5 5 5 5 5 5 5 5 5 4 4 4 3 4 4 4 4 4 4 4 4 4 4 4 4 4 4 4 4 4 4 4 4 4 4 4 4 4 4 4 4 4 4 4 4 4 4 4 4 4 4 4 4 4 4 4 4 4 4 4 4 4 4 3 3 3 3 3 3 3 3 3 3 3 3 1 2 2 2 2 2 2 2 2 2 2 2 2 2 2 2 2 2 2 2 2 2 2 2 2 2 2 2 2 2 2 2 2 2 2 2 2 2 0 1 1 1 1 1 1 1 1 1 1 1 1 1 1 1 1 1 1 1 1 1 1 1 1 1 1 0 0 0 0 0 0 0 0 0 0 0 0 0 0 0 0 0 0 0 0 0 0 0 0 0 0 0 
2 4 7 15 18 82 91 100 1000 1200 8644 1523 1673 8644 8644 8644 8644 8644 8644 8644 8644 8644 8644 8644 8644 8644 1673 1673 1673 1673 1673 1673 1673 1673 1673 1673 1673 1673 1673 1523 1523 1523 1523 1523 1523 1523 1523 1523 1523 1523 1523 1523 1200 1200 1200 1200 1200 1200 1200 1200 1200 1200 1200 1200 1200 228 723 777 900 965 1000 1000 1000 1000 1000 1000 1000 1000 1000 1000 1000 1000 1000 1000 965 965 965 965 965 965 965 965 965 965 965 965 965 853 900 900 900 900 900 900 900 900 900 900 900 900 900 853 853 853 853 853 853 853 853 853 853 853 853 853 747 777 777 777 777 777 777 777 777 777 777 777 777 777 747 747 747 747 747 747 747 747 747 747 747 747 747 439 568 723 723 723 723 723 723 723 723 723 723 723 723 723 568 568 568 568 568 568 568 568 568 568 568 568 568 256 439 439 439 439 439 439 439 439 439 439 439 439 439 256 256 256 256 256 256 256 256 256 256 256 256 256 143 147 156 227 228 228 228 228 228 228 228 228 228 228 228 228 228 188 227 227 227 227 227 227 227 227 227 227 227 227 227 188 188 188 188 188 188 188 188 188 188 188 188 188 150 156 156 156 156 156 156 156 156 156 156 156 156 156 148 150 150 150 150 150 150 150 150 150 150 150 150 150 148 148 148 148 148 148 148 148 148 148 148 148 148 147 147 147 147 147 147 147 147 147 147 147 147 147 142 143 143 143 143 143 143 143 143 143 143 143 143 143 142 142 142 142 142 142 142 142 142 142 142 142 142 92 100 100 100 100 100 100 100 100 100 100 100 100 100 100 100 100 100 100 100 100 100 100 100 100 100 100 100 100 92 92 92 92 92 92 92 92 92 92 92 92 92 92 92 92 92 92 92 92 92 92 92 92 92 92 92 92 88 91 91 91 91 91 91 91 91 91 91 91 91 91 91 91 91 91 91 91 91 91 91 91 91 91 91 91 91 88 88 88 88 88 88 88 88 88 88 88 88 88 88 23 52 63 64 73 82 82 82 82 82 82 82 82 82 82 82 82 82 82 82 82 82 82 82 82 82 82 82 82 82 82 82 82 66 71 73 73 73 73 73 73 73 73 73 73 73 73 73 71 71 71 71 71 71 71 71 71 71 71 71 71 66 66 66 66 66 66 66 66 66 66 66 66 66 64 64 64 64 64 64 64 64 64 64 64 64 64 63 63 63 63 63 63 63 63 63 63 63 63 63 45 52 52 52 52 52 52 52 52 52 52 52 52 52 32 45 45 45 45 45 45 45 45 45 45 45 45 45 31 32 32 32 32 32 32 32 32 32 32 32 32 32 31 31 31 31 31 31 31 31 31 31 31 31 31 23 23 23 23 23 23 23 23 23 23 23 23 23 18 16 18 18 18 18 18 18 18 18 18 18 18 18 18 18 18 18 18 18 18 18 18 18 18 18 18 18 18 16 16 16 16 16 16 16 16 16 16 16 16 16 10 15 15 15 15 15 15 15 15 15 15 15 15 15 15 15 15 15 15 15 15 15 15 15 15 15 15 15 15 8 10 10 10 10 10 10 10 10 10 10 10 10 10 8 8 8 8 8 8 8 8 8 8 8 8 8 5 6 7 7 7 7 7 7 7 7 7 7 7 7 7 7 7 7 7 7 7 7 7 7 7 7 7 7 7 7 6 6 6 6 6 6 6 6 6 6 6 6 6 5 5 5 5 5 5 5 5 5 5 5 5 5 5 5 5 5 5 5 5 5 5 5 5 5 5 5 5 5 5 5 5 5 5 5 5 5 5 5 5 5 5 4 4 4 3 4 4 4 4 4 4 4 4 4 4 4 4 4 4 4 4 4 4 4 4 4 4 4 4 4 4 4 4 4 4 4 4 4 4 4 4 4 4 4 4 4 4 4 4 4 4 4 4 4 4 4 4 4 4 3 3 3 3 3 3 3 3 3 3 3 3 3 1 2 2 2 2 2 2 2 2 2 2 2 2 2 2 2 2 2 2 2 2 2 2 2 2 2 2 2 2 2 2 2 2 2 2 2 2 2 2 2 2 0 1 1 1 1 1 1 1 1 1 1 1 1 1 1 1 1 1 1 1 1 1 1 1 1 1 1 1 1 0 0 0 0 0 0 0 0 0 0 0 0 0 0 0 0 0 0 0 0 0 0 0 0 0 0 0 0 
2 4 7 15 18 82 91 100 1000 1200 8644 1523 1673 8644 8644 8644 8644 8644 8644 8644 8644 8644 8644 8644 8644 8644 8644 1673 1673 1673 1673 1673 1673 1673 1673 1673 1673 1673 1673 1673 1673 1523 1523 1523 1523 1523 1523 1523 1523 1523 1523 1523 1523 1523 1523 1200 1200 1200 1200 1200 1200 1200 1200 1200 1200 1200 1200 1200 1200 228 723 777 900 965 1000 1000 1000 1000 1000 1000 1000 1000 1000 1000 1000 1000 1000 1000 965 965 965 965 965 965 965 965 965 965 965 965 965 965 853 900 900 900 900 900 900 900 900 900 900 900 900 900 900 853 853 853 853 853 853 853 853 853 853 853 853 853 853 747 777 777 777 777 777 777 777 777 777 777 777 777 777 777 747 747 747 747 747 747 747 747 747 747 747 747 747 747 439 568 723 723 723 723 723 723 723 723 723 723 723 723 723 723 568 568 568 568 568 568 568 568 568 568 568 568 568 568 256 439 439 439 439 439 439 439 439 439 439 439 439 439 439 256 256 256 256 256 256 256 256 256 256 256 256 256 143 147 156 227 228 228 228 228 228 228 228 228 228 228 228 228 228 228 188 227 227 227 227 227 227 227 227 227 227 227 227 227 227 188 188 188 188 188 188 188 188 188 188 188 188 188 188 150 156 156 156 156 156 156 156 156 156 156 156 156 156 156 148 150 150 150 150 150 150 150 150 150 150 150 150 150 150 148 148 148 148 148 148 148 148 148 148 148 148 148 147 147 147 147 147 147 147 147 147 147 147 147 147 147 142 143 143 143 143 143 143 143 143 143 143 143 143 143 143 142 142 142 142 142 142 142 142 142 142 142 142 142 142 92 100 100 100 100 100 100 100 100 100 100 100 100 100 100 100 100 100 100 100 100 100 100 100 100 100 100 100 100 92 92 92 92 92 92 92 92 92 92 92 92 92 92 92 92 92 92 92 92 92 92 92 92 92 92 92 92 92 88 91 91 91 91 91 91 91 91 91 91 91 91 91 91 91 91 91 91 91 91 91 91 91 91 91 91 91 91 88 88 88 88 88 88 88 88 88 88 88 88 88 88 23 52 63 64 73 82 82 82 82 82 82 82 82 82 82 82 82 82 82 82 82 82 82 82 82 82 82 82 82 82 82 82 82 66 71 73 73 73 73 73 73 73 73 73 73 73 73 73 73 71 71 71 71 71 71 71 71 71 71 71 71 71 71 66 66 66 66 66 66 66 66 66 66 66 66 66 66 64 64 64 64 64 64 64 64 64 64 64 64 64 64 63 63 63 63 63 63 63 63 63 63 63 63 63 63 45 52 52 52 52 52 52 52 52 52 52 52 52 52 52 32 45 45 45 45 45 45 45 45 45 45 45 45 45 31 32 32 32 32 32 32 32 32 32 32 32 32 32 31 31 31 31 31 31 31 31 31 31 31 31 31 23 23 23 23 23 23 23 23 23 23 23 23 23 23 18 16 18 18 18 18 18 18 18 18 18 18 18 18 18 18 18 18 18 18 18 18 18 18 18 18 18 18 18 16 16 16 16 16 16 16 16 16 16 16 16 16 10 15 15 15 15 15 15 15 15 15 15 15 15 15 15 15 15 15 15 15 15 15 15 15 15 15 15 15 15 8 10 10 10 10 10 10 10 10 10 10 10 10 10 10 8 8 8 8 8 8 8 8 8 8 8 8 8 5 6 7 7 7 7 7 7 7 7 7 7 7 7 7 7 7 7 7 7 7 7 7 7 7 7 7 7 7 7 6 6 6 6 6 6 6 6 6 6 6 6 6 6 5 5 5 5 5 5 5 5 5 5 5 5 5 5 5 5 5 5 5 5 5 5 5 5 5 5 5 5 5 5 5 5 5 5 5 5 5 5 5 5 5 5 4 4 4 3 4 4 4 4 4 4 4 4 4 4 4 4 4 4 4 4 4 4 4 4 4 4 4 4 4 4 4 4 4 4 4 4 4 4 4 4 4 4 4 4 4 4 4 4 4 4 4 4 4 4 4 4 4 4 3 3 3 3 3 3 3 3 3 3 3 3 3 1 2 2 2 2 2 2 2 2 2 2 2 2 2 2 2 2 2 2 2 2 2 2 2 2 2 2 2 2 2 2 2 2 2 2 2 2 2 2 2 2 0 1 1 1 1 1 1 1 1 1 1 1 1 1 1 1 1 1 1 1 1 1 1 1 1 1 1 1 1 0 0 0 0 0 0 0 0 0 0 0 0 0 0 0 0 0 0 0 0 0 0 0 0 0 0 0 0 0 
2 4 7 15 18 82 91 100 1000 1200 8644 1523 1673 8644 8644 8644 8644 8644 8644 8644 8644 8644 8644 8644 8644 8644 8644 1673 1673 1673 1673 1673 1673 1673 1673 1673 1673 1673 1673 1673 1673 1523 1523 1523 1523 1523 1523 1523 1523 1523 1523 1523 1523 1523 1523 1200 1200 1200 1200 1200 1200 1200 1200 1200 1200 1200 1200 1200 1200 228 723 777 900 965 1000 1000 1000 1000 1000 1000 1000 1000 1000 1000 1000 1000 1000 1000 1000 965 965 965 965 965 965 965 965 965 965 965 965 965 965 853 900 900 900 900 900 900 900 900 900 900 900 900 900 900 853 853 853 853 853 853 853 853 853 853 853 853 853 853 747 777 777 777 777 777 777 777 777 777 777 777 777 777 777 747 747 747 747 747 747 747 747 747 747 747 747 747 747 439 568 723 723 723 723 723 723 723 723 723 723 723 723 723 723 568 568 568 568 568 568 568 568 568 568 568 568 568 568 256 439 439 439 439 439 439 439 439 439 439 439 439 439 439 256 256 256 256 256 256 256 256 256 256 256 256 256 256 143 147 156 227 228 228 228 228 228 228 228 228 228 228 228 228 228 228 188 227 227 227 227 227 227 227 227 227 227 227 227 227 227 188 188 188 188 188 188 188 188 188 188 188 188 188 188 150 156 156 156 156 156 156 156 156 156 156 156 156 156 156 148 150 150 150 150 150 150 150 150 150 150 150 150 150 150 148 148 148 148 148 148 148 148 148 148 148 148 148 148 147 147 147 147 147 147 147 147 147 147 147 147 147 147 142 143 143 143 143 143 143 143 143 143 143 143 143 143 143 142 142 142 142 142 142 142 142 142 142 142 142 142 142 92 100 100 100 100 100 100 100 100 100 100 100 100 100 100 100 100 100 100 100 100 100 100 100 100 100 100 100 100 100 100 92 92 92 92 92 92 92 92 92 92 92 92 92 92 92 92 92 92 92 92 92 92 92 92 92 92 92 92 92 92 88 91 91 91 91 91 91 91 91 91 91 91 91 91 91 91 91 91 91 91 91 91 91 91 91 91 91 91 91 91 91 88 88 88 88 88 88 88 88 88 88 88 88 88 88 88 23 52 63 64 73 82 82 82 82 82 82 82 82 82 82 82 82 82 82 82 82 82 82 82 82 82 82 82 82 82 82 82 82 82 82 66 71 73 73 73 73 73 73 73 73 73 73 73 73 73 73 71 71 71 71 71 71 71 71 71 71 71 71 71 71 66 66 66 66 66 66 66 66 66 66 66 66 66 66 64 64 64 64 64 64 64 64 64 64 64 64 64 64 63 63 63 63 63 63 63 63 63 63 63 63 63 63 45 52 52 52 52 52 52 52 52 52 52 52 52 52 52 32 45 45 45 45 45 45 45 45 45 45 45 45 45 45 31 32 32 32 32 32 32 32 32 32 32 32 32 32 32 31 31 31 31 31 31 31 31 31 31 31 31 31 31 23 23 23 23 23 23 23 23 23 23 23 23 23 23 18 16 18 18 18 18 18 18 18 18 18 18 18 18 18 18 18 18 18 18 18 18 18 18 18 18 18 18 18 18 18 16 16 16 16 16 16 16 16 16 16 16 16 16 16 10 15 15 15 15 15 15 15 15 15 15 15 15 15 15 15 15 15 15 15 15 15 15 15 15 15 15 15 15 15 15 8 10 10 10 10 10 10 10 10 10 10 10 10 10 10 8 8 8 8 8 8 8 8 8 8 8 8 8 8 5 6 7 7 7 7 7 7 7 7 7 7 7 7 7 7 7 7 7 7 7 7 7 7 7 7 7 7 7 7 7 7 6 6 6 6 6 6 6 6 6 6 6 6 6 6 5 5 5 5 5 5 5 5 5 5 5 5 5 5 5 5 5 5 5 5 5 5 5 5 5 5 5 5 5 5 5 5 5 5 5 5 5 5 5 5 5 5 5 5 5 4 4 4 3 4 4 4 4 4 4 4 4 4 4 4 4 4 4 4 4 4 4 4 4 4 4 4 4 4 4 4 4 4 4 4 4 4 4 4 4 4 4 4 4 4 4 4 4 4 4 4 4 4 4 4 4 4 4 4 4 4 4 3 3 3 3 3 3 3 3 3 3 3 3 3 3 1 2 2 2 2 2 2 2 2 2 2 2 2 2 2 2 2 2 2 2 2 2 2 2 2 2 2 2 2 2 2 2 2 2 2 2 2 2 2 2 2 2 2 2 0 1 1 1 1 1 1 1 1 1 1 1 1 1 1 1 1 1 1 1 1 1 1 1 1 1 1 1 1 1 1 0 0 0 0 0 0 0 0 0 0 0 0 0 0 0 0 0 0 0 0 0 0 0 0 0 0 0 0 0 0 
2 4 7 15 18 82 91 100 1000 1200 8644 1523 1673 8644 8644 8644 8644 8644 8644 8644 8644 8644 8644 8644 8644 8644 8644 8644 1673 1673 1673 1673 1673 1673 1673 1673 1673 1673 1673 1673 1673 1673 1673 1523 1523 1523 1523 1523 1523 1523 1523 1523 1523 1523 1523 1523 1523 1523 1200 1200 1200 1200 1200 1200 1200 1200 1200 1200 1200 1200 1200 1200 1200 228 723 777 900 965 1000 1000 1000 1000 1000 1000 1000 1000 1000 1000 1000 1000 1000 1000 1000 965 965 965 965 965 965 965 965 965 965 965 965 965 965 965 853 900 900 900 900 900 900 900 900 900 900 900 900 900 900 900 853 853 853 853 853 853 853 853 853 853 853 853 853 853 853 747 777 777 777 777 777 777 777 777 777 777 777 777 777 777 777 747 747 747 747 747 747 747 747 747 747 747 747 747 747 747 439 568 723 723 723 723 723 723 723 723 723 723 723 723 723 723 723 568 568 568 568 568 568 568 568 568 568 568 568 568 568 568 256 439 439 439 439 439 439 439 439 439 439 439 439 439 439 439 256 256 256 256 256 256 256 256 256 256 256 256 256 256 143 147 156 227 228 228 228 228 228 228 228 228 228 228 228 228 228 228 228 188 227 227 227 227 227 227 227 227 227 227 227 227 227 227 227 188 188 188 188 188 188 188 188 188 188 188 188 188 188 188 150 156 156 156 156 156 156 156 156 156 156 156 156 156 156 156 148 150 150 150 150 150 150 150 150 150 150 150 150 150 150 150 148 148 148 148 148 148 148 148 148 148 148 148 148 148 147 147 147 147 147 147 147 147 147 147 147 147 147 147 147 142 143 143 143 143 143 143 143 143 143 143 143 143 143 143 143 142 142 142 142 142 142 142 142 142 142 142 142 142 142 142 92 100 100 100 100 100 100 100 100 100 100 100 100 100 100 100 100 100 100 100 100 100 100 100 100 100 100 100 100 100 100 92 92 92 92 92 92 92 92 92 92 92 92 92 92 92 92 92 92 92 92 92 92 92 92 92 92 92 92 92 92 92 88 91 91 91 91 91 91 91 91 91 91 91 91 91 91 91 91 91 91 91 91 91 91 91 91 91 91 91 91 91 91 88 88 88 88 88 88 88 88 88 88 88 88 88 88 88 23 52 63 64 73 82 82 82 82 82 82 82 82 82 82 82 82 82 82 82 82 82 82 82 82 82 82 82 82 82 82 82 82 82 82 66 71 73 73 73 73 73 73 73 73 73 73 73 73 73 73 73 71 71 71 71 71 71 71 71 71 71 71 71 71 71 71 66 66 66 66 66 66 66 66 66 66 66 66 66 66 66 64 64 64 64 64 64 64 64 64 64 64 64 64 64 64 63 63 63 63 63 63 63 63 63 63 63 63 63 63 63 45 52 52 52 52 52 52 52 52 52 52 52 52 52 52 52 32 45 45 45 45 45 45 45 45 45 45 45 45 45 45 31 32 32 32 32 32 32 32 32 32 32 32 32 32 32 31 31 31 31 31 31 31 31 31 31 31 31 31 31 23 23 23 23 23 23 23 23 23 23 23 23 23 23 23 18 16 18 18 18 18 18 18 18 18 18 18 18 18 18 18 18 18 18 18 18 18 18 18 18 18 18 18 18 18 18 16 16 16 16 16 16 16 16 16 16 16 16 16 16 10 15 15 15 15 15 15 15 15 15 15 15 15 15 15 15 15 15 15 15 15 15 15 15 15 15 15 15 15 15 15 8 10 10 10 10 10 10 10 10 10 10 10 10 10 10 10 8 8 8 8 8 8 8 8 8 8 8 8 8 8 5 6 7 7 7 7 7 7 7 7 7 7 7 7 7 7 7 7 7 7 7 7 7 7 7 7 7 7 7 7 7 7 6 6 6 6 6 6 6 6 6 6 6 6 6 6 6 5 5 5 5 5 5 5 5 5 5 5 5 5 5 5 5 5 5 5 5 5 5 5 5 5 5 5 5 5 5 5 5 5 5 5 5 5 5 5 5 5 5 5 5 5 4 4 4 3 4 4 4 4 4 4 4 4 4 4 4 4 4 4 4 4 4 4 4 4 4 4 4 4 4 4 4 4 4 4 4 4 4 4 4 4 4 4 4 4 4 4 4 4 4 4 4 4 4 4 4 4 4 4 4 4 4 4 3 3 3 3 3 3 3 3 3 3 3 3 3 3 1 2 2 2 2 2 2 2 2 2 2 2 2 2 2 2 2 2 2 2 2 2 2 2 2 2 2 2 2 2 2 2 2 2 2 2 2 2 2 2 2 2 2 2 0 1 1 1 1 1 1 1 1 1 1 1 1 1 1 1 1 1 1 1 1 1 1 1 1 1 1 1 1 1 1 0 0 0 0 0 0 0 0 0 0 0 0 0 0 0 0 0 0 0 0 0 0 0 0 0 0 0 0 0 0 0 
2 4 7 15 18 82 91 100 1000 1200 8644 1523 1673 8644 8644 8644 8644 8644 8644 8644 8644 8644 8644 8644 8644 8644 8644 8644 1673 1673 1673 1673 1673 1673 1673 1673 1673 1673 1673 1673 1673 1673 1673 1523 1523 1523 1523 1523 1523 1523 1523 1523 1523 1523 1523 1523 1523 1523 1200 1200 1200 1200 1200 1200 1200 1200 1200 1200 1200 1200 1200 1200 1200 228 723 777 900 965 1000 1000 1000 1000 1000 1000 1000 1000 1000 1000 1000 1000 1000 1000 1000 1000 965 965 965 965 965 965 965 965 965 965 965 965 965 965 965 853 900 900 900 900 900 900 900 900 900 900 900 900 900 900 900 853 853 853 853 853 853 853 853 853 853 853 853 853 853 853 747 777 777 777 777 777 777 777 777 777 777 777 777 777 777 777 747 747 747 747 747 747 747 747 747 747 747 747 747 747 747 439 568 723 723 723 723 723 723 723 723 723 723 723 723 723 723 723 568 568 568 568 568 568 568 568 568 568 568 568 568 568 568 256 439 439 439 439 439 439 439 439 439 439 439 439 439 439 439 256 256 256 256 256 256 256 256 256 256 256 256 256 256 256 143 147 156 227 228 228 228 228 228 228 228 228 228 228 228 228 228 228 228 188 227 227 227 227 227 227 227 227 227 227 227 227 227 227 227 188 188 188 188 188 188 188 188 188 188 188 188 188 188 188 150 156 156 156 156 156 156 156 156 156 156 156 156 156 156 156 148 150 150 150 150 150 150 150 150 150 150 150 150 150 150 150 148 148 148 148 148 148 148 148 148 148 148 148 148 148 148 147 147 147 147 147 147 147 147 147 147 147 147 147 147 147 142 143 143 143 143 143 143 143 143 143 143 143 143 143 143 143 142 142 142 142 142 142 142 142 142 142 142 142 142 142 142 92 100 100 100 100 100 100 100 100 100 100 100 100 100 100 100 100 100 100 100 100 100 100 100 100 100 100 100 100 100 100 100 100 92 92 92 92 92 92 92 92 92 92 92 92 92 92 92 92 92 92 92 92 92 92 92 92 92 92 92 92 92 92 92 92 88 91 91 91 91 91 91 91 91 91 91 91 91 91 91 91 91 91 91 91 91 91 91 91 91 91 91 91 91 91 91 91 91 88 88 88 88 88 88 88 88 88 88 88 88 88 88 88 88 23 52 63 64 73 82 82 82 82 82 82 82 82 82 82 82 82 82 82 82 82 82 82 82 82 82 82 82 82 82 82 82 82 82 82 82 82 66 71 73 73 73 73 73 73 73 73 73 73 73 73 73 73 73 71 71 71 71 71 71 71 71 71 71 71 71 71 71 71 66 66 66 66 66 66 66 66 66 66 66 66 66 66 66 64 64 64 64 64 64 64 64 64 64 64 64 64 64 64 63 63 63 63 63 63 63 63 63 63 63 63 63 63 63 45 52 52 52 52 52 52 52 52 52 52 52 52 52 52 52 32 45 45 45 45 45 45 45 45 45 45 45 45 45 45 45 31 32 32 32 32 32 32 32 32 32 32 32 32 32 32 32 31 31 31 31 31 31 31 31 31 31 31 31 31 31 31 23 23 23 23 23 23 23 23 23 23 23 23 23 23 23 18 16 18 18 18 18 18 18 18 18 18 18 18 18 18 18 18 18 18 18 18 18 18 18 18 18 18 18 18 18 18 18 18 16 16 16 16 16 16 16 16 16 16 16 16 16 16 16 10 15 15 15 15 15 15 15 15 15 15 15 15 15 15 15 15 15 15 15 15 15 15 15 15 15 15 15 15 15 15 15 15 8 10 10 10 10 10 10 10 10 10 10 10 10 10 10 10 8 8 8 8 8 8 8 8 8 8 8 8 8 8 8 5 6 7 7 7 7 7 7 7 7 7 7 7 7 7 7 7 7 7 7 7 7 7 7 7 7 7 7 7 7 7 7 7 7 6 6 6 6 6 6 6 6 6 6 6 6 6 6 6 5 5 5 5 5 5 5 5 5 5 5 5 5 5 5 5 5 5 5 5 5 5 5 5 5 5 5 5 5 5 5 5 5 5 5 5 5 5 5 5 5 5 5 5 5 5 5 5 4 4 4 3 4 4 4 4 4 4 4 4 4 4 4 4 4 4 4 4 4 4 4 4 4 4 4 4 4 4 4 4 4 4 4 4 4 4 4 4 4 4 4 4 4 4 4 4 4 4 4 4 4 4 4 4 4 4 4 4 4 4 4 4 4 4 3 3 3 3 3 3 3 3 3 3 3 3 3 3 3 1 2 2 2 2 2 2 2 2 2 2 2 2 2 2 2 2 2 2 2 2 2 2 2 2 2 2 2 2 2 2 2 2 2 2 2 2 2 2 2 2 2 2 2 2 2 2 0 1 1 1 1 1 1 1 1 1 1 1 1 1 1 1 1 1 1 1 1 1 1 1 1 1 1 1 1 1 1 1 1 0 0 0 0 0 0 0 0 0 0 0 0 0 0 0 0 0 0 0 0 0 0 0 0 0 0 0 0 0 0 0 0 
2 4 7 15 18 82 91 100 1000 1200 8644 1523 1673 8644 8644 8644 8644 8644 8644 8644 8644 8644 8644 8644 8644 8644 8644 8644 8644 1673 1673 1673 1673 1673 1673 1673 1673 1673 1673 1673 1673 1673 1673 1673 1673 1523 1523 1523 1523 1523 1523 1523 1523 1523 1523 1523 1523 1523 1523 1523 1523 1200 1200 1200 1200 1200 1200 1200 1200 1200 1200 1200 1200 1200 1200 1200 1200 228 723 777 900 965 1000 1000 1000 1000 1000 1000 1000 1000 1000 1000 1000 1000 1000 1000 1000 1000 965 965 965 965 965 965 965 965 965 965 965 965 965 965 965 965 853 900 900 900 900 900 900 900 900 900 900 900 900 900 900 900 900 853 853 853 853 853 853 853 853 853 853 853 853 853 853 853 853 747 777 777 777 777 777 777 777 777 777 777 777 777 777 777 777 777 747 747 747 747 747 747 747 747 747 747 747 747 747 747 747 747 439 568 723 723 723 723 723 723 723 723 723 723 723 723 723 723 723 723 568 568 568 568 568 568 568 568 568 568 568 568 568 568 568 568 256 439 439 439 439 439 439 439 439 439 439 439 439 439 439 439 439 256 256 256 256 256 256 256 256 256 256 256 256 256 256 256 143 147 156 227 228 228 228 228 228 228 228 228 228 228 228 228 228 228 228 228 188 227 227 227 227 227 227 227 227 227 227 227 227 227 227 227 227 188 188 188 188 188 188 188 188 188 188 188 188 188 188 188 188 150 156 156 156 156 156 156 156 156 156 156 156 156 156 156 156 156 148 150 150 150 150 150 150 150 150 150 150 150 150 150 150 150 150 148 148 148 148 148 148 148 148 148 148 148 148 148 148 148 147 147 147 147 147 147 147 147 147 147 147 147 147 147 147 147 142 143 143 143 143 143 143 143 143 143 143 143 143 143 143 143 143 142 142 142 142 142 142 142 142 142 142 142 142 142 142 142 142 92 100 100 100 100 100 100 100 100 100 100 100 100 100 100 100 100 100 100 100 100 100 100 100 100 100 100 100 100 100 100 100 100 92 92 92 92 92 92 92 92 92 92 92 92 92 92 92 92 92 92 92 92 92 92 92 92 92 92 92 92 92 92 92 92 92 88 91 91 91 91 91 91 91 91 91 91 91 91 91 91 91 91 91 91 91 91 91 91 91 91 91 91 91 91 91 91 91 91 88 88 88 88 88 88 88 88 88 88 88 88 88 88 88 88 23 52 63 64 73 82 82 82 82 82 82 82 82 82 82 82 82 82 82 82 82 82 82 82 82 82 82 82 82 82 82 82 82 82 82 82 82 66 71 73 73 73 73 73 73 73 73 73 73 73 73 73 73 73 73 71 71 71 71 71 71 71 71 71 71 71 71 71 71 71 71 66 66 66 66 66 66 66 66 66 66 66 66 66 66 66 66 64 64 64 64 64 64 64 64 64 64 64 64 64 64 64 64 63 63 63 63 63 63 63 63 63 63 63 63 63 63 63 63 45 52 52 52 52 52 52 52 52 52 52 52 52 52 52 52 52 32 45 45 45 45 45 45 45 45 45 45 45 45 45 45 45 31 32 32 32 32 32 32 32 32 32 32 32 32 32 32 32 31 31 31 31 31 31 31 31 31 31 31 31 31 31 31 23 23 23 23 23 23 23 23 23 23 23 23 23 23 23 23 18 16 18 18 18 18 18 18 18 18 18 18 18 18 18 18 18 18 18 18 18 18 18 18 18 18 18 18 18 18 18 18 18 16 16 16 16 16 16 16 16 16 16 16 16 16 16 16 10 15 15 15 15 15 15 15 15 15 15 15 15 15 15 15 15 15 15 15 15 15 15 15 15 15 15 15 15 15 15 15 15 8 10 10 10 10 10 10 10 10 10 10 10 10 10 10 10 10 8 8 8 8 8 8 8 8 8 8 8 8 8 8 8 5 6 7 7 7 7 7 7 7 7 7 7 7 7 7 7 7 7 7 7 7 7 7 7 7 7 7 7 7 7 7 7 7 7 6 6 6 6 6 6 6 6 6 6 6 6 6 6 6 6 5 5 5 5 5 5 5 5 5 5 5 5 5 5 5 5 5 5 5 5 5 5 5 5 5 5 5 5 5 5 5 5 5 5 5 5 5 5 5 5 5 5 5 5 5 5 5 5 4 4 4 3 4 4 4 4 4 4 4 4 4 4 4 4 4 4 4 4 4 4 4 4 4 4 4 4 4 4 4 4 4 4 4 4 4 4 4 4 4 4 4 4 4 4 4 4 4 4 4 4 4 4 4 4 4 4 4 4 4 4 4 4 4 4 3 3 3 3 3 3 3 3 3 3 3 3 3 3 3 1 2 2 2 2 2 2 2 2 2 2 2 2 2 2 2 2 2 2 2 2 2 2 2 2 2 2 2 2 2 2 2 2 2 2 2 2 2 2 2 2 2 2 2 2 2 2 0 1 1 1 1 1 1 1 1 1 1 1 1 1 1 1 1 1 1 1 1 1 1 1 1 1 1 1 1 1 1 1 1 0 0 0 0 0 0 0 0 0 0 0 0 0 0 0 0 0 0 0 0 0 0 0 0 0 0 0 0 0 0 0 0 0 
2 4 7 15 18 82 91 100 1000 1200 8644 1523 1673 8644 8644 8644 8644 8644 8644 8644 8644 8644 8644 8644 8644 8644 8644 8644 8644 1673 1673 1673 1673 1673 1673 1673 1673 1673 1673 1673 1673 1673 1673 1673 1673 1523 1523 1523 1523 1523 1523 1523 1523 1523 1523 1523 1523 1523 1523 1523 1523 1200 1200 1200 1200 1200 1200 1200 1200 1200 1200 1200 1200 1200 1200 1200 1200 228 723 777 900 965 1000 1000 1000 1000 1000 1000 1000 1000 1000 1000 1000 1000 1000 1000 1000 1000 1000 965 965 965 965 965 965 965 965 965 965 965 965 965 965 965 965 853 900 900 900 900 900 900 900 900 900 900 900 900 900 900 900 900 853 853 853 853 853 853 853 853 853 853 853 853 853 853 853 853 747 777 777 777 777 777 777 777 777 777 777 777 777 777 777 777 777 747 747 747 747 747 747 747 747 747 747 747 747 747 747 747 747 439 568 723 723 723 723 723 723 723 723 723 723 723 723 723 723 723 723 568 568 568 568 568 568 568 568 568 568 568 568 568 568 568 568 256 439 439 439 439 439 439 439 439 439 439 439 439 439 439 439 439 256 256 256 256 256 256 256 256 256 256 256 256 256 256 256 256 143 147 156 227 228 228 228 228 228 228 228 228 228 228 228 228 228 228 228 228 188 227 227 227 227 227 227 227 227 227 227 227 227 227 227 227 227 188 188 188 188 188 188 188 188 188 188 188 188 188 188 188 188 150 156 156 156 156 156 156 156 156 156 156 156 156 156 156 156 156 148 150 150 150 150 150 150 150 150 150 150 150 150 150 150 150 150 148 148 148 148 148 148 148 148 148 148 148 148 148 148 148 148 147 147 147 147 147 147 147 147 147 147 147 147 147 147 147 147 142 143 143 143 143 143 143 143 143 143 143 143 143 143 143 143 143 142 142 142 142 142 142 142 142 142 142 142 142 142 142 142 142 92 100 100 100 100 100 100 100 100 100 100 100 100 100 100 100 100 100 100 100 100 100 100 100 100 100 100 100 100 100 100 100 100 100 100 92 92 92 92 92 92 92 92 92 92 92 92 92 92 92 92 92 92 92 92 92 92 92 92 92 92 92 92 92 92 92 92 92 92 88 91 91 91 91 91 91 91 91 91 91 91 91 91 91 91 91 91 91 91 91 91 91 91 91 91 91 91 91 91 91 91 91 91 91 88 88 88 88 88 88 88 88 88 88 88 88 88 88 88 88 88 23 52 63 64 73 82 82 82 82 82 82 82 82 82 82 82 82 82 82 82 82 82 82 82 82 82 82 82 82 82 82 82 82 82 82 82 82 82 82 66 71 73 73 73 73 73 73 73 73 73 73 73 73 73 73 73 73 71 71 71 71 71 71 71 71 71 71 71 71 71 71 71 71 66 66 66 66 66 66 66 66 66 66 66 66 66 66 66 66 64 64 64 64 64 64 64 64 64 64 64 64 64 64 64 64 63 63 63 63 63 63 63 63 63 63 63 63 63 63 63 63 45 52 52 52 52 52 52 52 52 52 52 52 52 52 52 52 52 32 45 45 45 45 45 45 45 45 45 45 45 45 45 45 45 45 31 32 32 32 32 32 32 32 32 32 32 32 32 32 32 32 32 31 31 31 31 31 31 31 31 31 31 31 31 31 31 31 31 23 23 23 23 23 23 23 23 23 23 23 23 23 23 23 23 18 16 18 18 18 18 18 18 18 18 18 18 18 18 18 18 18 18 18 18 18 18 18 18 18 18 18 18 18 18 18 18 18 18 18 16 16 16 16 16 16 16 16 16 16 16 16 16 16 16 16 10 15 15 15 15 15 15 15 15 15 15 15 15 15 15 15 15 15 15 15 15 15 15 15 15 15 15 15 15 15 15 15 15 15 15 8 10 10 10 10 10 10 10 10 10 10 10 10 10 10 10 10 8 8 8 8 8 8 8 8 8 8 8 8 8 8 8 8 5 6 7 7 7 7 7 7 7 7 7 7 7 7 7 7 7 7 7 7 7 7 7 7 7 7 7 7 7 7 7 7 7 7 7 7 6 6 6 6 6 6 6 6 6 6 6 6 6 6 6 6 5 5 5 5 5 5 5 5 5 5 5 5 5 5 5 5 5 5 5 5 5 5 5 5 5 5 5 5 5 5 5 5 5 5 5 5 5 5 5 5 5 5 5 5 5 5 5 5 5 5 5 4 4 4 3 4 4 4 4 4 4 4 4 4 4 4 4 4 4 4 4 4 4 4 4 4 4 4 4 4 4 4 4 4 4 4 4 4 4 4 4 4 4 4 4 4 4 4 4 4 4 4 4 4 4 4 4 4 4 4 4 4 4 4 4 4 4 4 4 4 4 3 3 3 3 3 3 3 3 3 3 3 3 3 3 3 3 1 2 2 2 2 2 2 2 2 2 2 2 2 2 2 2 2 2 2 2 2 2 2 2 2 2 2 2 2 2 2 2 2 2 2 2 2 2 2 2 2 2 2 2 2 2 2 2 2 2 0 1 1 1 1 1 1 1 1 1 1 1 1 1 1 1 1 1 1 1 1 1 1 1 1 1 1 1 1 1 1 1 1 1 1 0 0 0 0 0 0 0 0 0 0 0 0 0 0 0 0 0 0 0 0 0 0 0 0 0 0 0 0 0 0 0 0 0 0 
2 4 7 15 18 82 91 100 1000 1200 8644 1523 1673 8644 8644 8644 8644 8644 8644 8644 8644 8644 8644 8644 8644 8644 8644 8644 8644 8644 1673 1673 1673 1673 1673 1673 1673 1673 1673 1673 1673 1673 1673 1673 1673 1673 1673 1523 1523 1523 1523 1523 1523 1523 1523 1523 1523 1523 1523 1523 1523 1523 1523 1523 1200 1200 1200 1200 1200 1200 1200 1200 1200 1200 1200 1200 1200 1200 1200 1200 1200 228 723 777 900 965 1000 1000 1000 1000 1000 1000 1000 1000 1000 1000 1000 1000 1000 1000 1000 1000 1000 965 965 965 965 965 965 965 965 965 965 965 965 965 965 965 965 965 853 900 900 900 900 900 900 900 900 900 900 900 900 900 900 900 900 900 853 853 853 853 853 853 853 853 853 853 853 853 853 853 853 853 853 747 777 777 777 777 777 777 777 777 777 777 777 777 777 777 777 777 777 747 747 747 747 747 747 747 747 747 747 747 747 747 747 747 747 747 439 568 723 723 723 723 723 723 723 723 723 723 723 723 723 723 723 723 723 568 568 568 568 568 568 568 568 568 568 568 568 568 568 568 568 568 256 439 439 439 439 439 439 439 439 439 439 439 439 439 439 439 439 439 256 256 256 256 256 256 256 256 256 256 256 256 256 256 256 256 143 147 156 227 228 228 228 228 228 228 228 228 228 228 228 228 228 228 228 228 228 188 227 227 227 227 227 227 227 227 227 227 227 227 227 227 227 227 227 188 188 188 188 188 188 188 188 188 188 188 188 188 188 188 188 188 150 156 156 156 156 156 156 156 156 156 156 156 156 156 156 156 156 156 148 150 150 150 150 150 150 150 150 150 150 150 150 150 150 150 150 150 148 148 148 148 148 148 148 148 148 148 148 148 148 148 148 148 147 147 147 147 147 147 147 147 147 147 147 147 147 147 147 147 147 142 143 143 143 143 143 143 143 143 143 143 143 143 143 143 143 143 143 142 142 142 142 142 142 142 142 142 142 142 142 142 142 142 142 142 92 100 100 100 100 100 100 100 100 100 100 100 100 100 100 100 100 100 100 100 100 100 100 100 100 100 100 100 100 100 100 100 100 100 100 92 92 92 92 92 92 92 92 92 92 92 92 92 92 92 92 92 92 92 92 92 92 92 92 92 92 92 92 92 92 92 92 92 92 92 88 91 91 91 91 91 91 91 91 91 91 91 91 91 91 91 91 91 91 91 91 91 91 91 91 91 91 91 91 91 91 91 91 91 91 88 88 88 88 88 88 88 88 88 88 88 88 88 88 88 88 88 23 52 63 64 73 82 82 82 82 82 82 82 82 82 82 82 82 82 82 82 82 82 82 82 82 82 82 82 82 82 82 82 82 82 82 82 82 82 82 66 71 73 73 73 73 73 73 73 73 73 73 73 73 73 73 73 73 73 71 71 71 71 71 71 71 71 71 71 71 71 71 71 71 71 71 66 66 66 66 66 66 66 66 66 66 66 66 66 66 66 66 66 64 64 64 64 64 64 64 64 64 64 64 64 64 64 64 64 64 63 63 63 63 63 63 63 63 63 63 63 63 63 63 63 63 63 45 52 52 52 52 52 52 52 52 52 52 52 52 52 52 52 52 52 32 45 45 45 45 45 45 45 45 45 45 45 45 45 45 45 45 31 32 32 32 32 32 32 32 32 32 32 32 32 32 32 32 32 31 31 31 31 31 31 31 31 31 31 31 31 31 31 31 31 23 23 23 23 23 23 23 23 23 23 23 23 23 23 23 23 23 18 16 18 18 18 18 18 18 18 18 18 18 18 18 18 18 18 18 18 18 18 18 18 18 18 18 18 18 18 18 18 18 18 18 18 16 16 16 16 16 16 16 16 16 16 16 16 16 16 16 16 10 15 15 15 15 15 15 15 15 15 15 15 15 15 15 15 15 15 15 15 15 15 15 15 15 15 15 15 15 15 15 15 15 15 15 8 10 10 10 10 10 10 10 10 10 10 10 10 10 10 10 10 10 8 8 8 8 8 8 8 8 8 8 8 8 8 8 8 8 5 6 7 7 7 7 7 7 7 7 7 7 7 7 7 7 7 7 7 7 7 7 7 7 7 7 7 7 7 7 7 7 7 7 7 7 6 6 6 6 6 6 6 6 6 6 6 6 6 6 6 6 6 5 5 5 5 5 5 5 5 5 5 5 5 5 5 5 5 5 5 5 5 5 5 5 5 5 5 5 5 5 5 5 5 5 5 5 5 5 5 5 5 5 5 5 5 5 5 5 5 5 5 5 4 4 4 3 4 4 4 4 4 4 4 4 4 4 4 4 4 4 4 4 4 4 4 4 4 4 4 4 4 4 4 4 4 4 4 4 4 4 4 4 4 4 4 4 4 4 4 4 4 4 4 4 4 4 4 4 4 4 4 4 4 4 4 4 4 4 4 4 4 4 3 3 3 3 3 3 3 3 3 3 3 3 3 3 3 3 1 2 2 2 2 2 2 2 2 2 2 2 2 2 2 2 2 2 2 2 2 2 2 2 2 2 2 2 2 2 2 2 2 2 2 2 2 2 2 2 2 2 2 2 2 2 2 2 2 2 0 1 1 1 1 1 1 1 1 1 1 1 1 1 1 1 1 1 1 1 1 1 1 1 1 1 1 1 1 1 1 1 1 1 1 0 0 0 0 0 0 0 0 0 0 0 0 0 0 0 0 0 0 0 0 0 0 0 0 0 0 0 0 0 0 0 0 0 0 0 
2 4 7 15 18 82 91 100 1000 1200 8644 1523 1673 8644 8644 8644 8644 8644 8644 8644 8644 8644 8644 8644 8644 8644 8644 8644 8644 8644 1673 1673 1673 1673 1673 1673 1673 1673 1673 1673 1673 1673 1673 1673 1673 1673 1673 1523 1523 1523 1523 1523 1523 1523 1523 1523 1523 1523 1523 1523 1523 1523 1523 1523 1200 1200 1200 1200 1200 1200 1200 1200 1200 1200 1200 1200 1200 1200 1200 1200 1200 228 723 777 900 965 1000 1000 1000 1000 1000 1000 1000 1000 1000 1000 1000 1000 1000 1000 1000 1000 1000 1000 965 965 965 965 965 965 965 965 965 965 965 965 965 965 965 965 965 853 900 900 900 900 900 900 900 900 900 900 900 900 900 900 900 900 900 853 853 853 853 853 853 853 853 853 853 853 853 853 853 853 853 853 747 777 777 777 777 777 777 777 777 777 777 777 777 777 777 777 777 777 747 747 747 747 747 747 747 747 747 747 747 747 747 747 747 747 747 439 568 723 723 723 723 723 723 723 723 723 723 723 723 723 723 723 723 723 568 568 568 568 568 568 568 568 568 568 568 568 568 568 568 568 568 256 439 439 439 439 439 439 439 439 439 439 439 439 439 439 439 439 439 256 256 256 256 256 256 256 256 256 256 256 256 256 256 256 256 256 143 147 156 227 228 228 228 228 228 228 228 228 228 228 228 228 228 228 228 228 228 188 227 227 227 227 227 227 227 227 227 227 227 227 227 227 227 227 227 188 188 188 188 188 188 188 188 188 188 188 188 188 188 188 188 188 150 156 156 156 156 156 156 156 156 156 156 156 156 156 156 156 156 156 148 150 150 150 150 150 150 150 150 150 150 150 150 150 150 150 150 150 148 148 148 148 148 148 148 148 148 148 148 148 148 148 148 148 148 147 147 147 147 147 147 147 147 147 147 147 147 147 147 147 147 147 142 143 143 143 143 143 143 143 143 143 143 143 143 143 143 143 143 143 142 142 142 142 142 142 142 142 142 142 142 142 142 142 142 142 142 92 100 100 100 100 100 100 100 100 100 100 100 100 100 100 100 100 100 100 100 100 100 100 100 100 100 100 100 100 100 100 100 100 100 100 100 100 92 92 92 92 92 92 92 92 92 92 92 92 92 92 92 92 92 92 92 92 92 92 92 92 92 92 92 92 92 92 92 92 92 92 92 92 88 91 91 91 91 91 91 91 91 91 91 91 91 91 91 91 91 91 91 91 91 91 91 91 91 91 91 91 91 91 91 91 91 91 91 91 91 88 88 88 88 88 88 88 88 88 88 88 88 88 88 88 88 88 88 23 52 63 64 73 82 82 82 82 82 82 82 82 82 82 82 82 82 82 82 82 82 82 82 82 82 82 82 82 82 82 82 82 82 82 82 82 82 82 82 82 66 71 73 73 73 73 73 73 73 73 73 73 73 73 73 73 73 73 73 71 71 71 71 71 71 71 71 71 71 71 71 71 71 71 71 71 66 66 66 66 66 66 66 66 66 66 66 66 66 66 66 66 66 64 64 64 64 64 64 64 64 64 64 64 64 64 64 64 64 64 63 63 63 63 63 63 63 63 63 63 63 63 63 63 63 63 63 45 52 52 52 52 52 52 52 52 52 52 52 52 52 52 52 52 52 32 45 45 45 45 45 45 45 45 45 45 45 45 45 45 45 45 45 31 32 32 32 32 32 32 32 32 32 32 32 32 32 32 32 32 32 31 31 31 31 31 31 31 31 31 31 31 31 31 31 31 31 31 23 23 23 23 23 23 23 23 23 23 23 23 23 23 23 23 23 18 16 18 18 18 18 18 18 18 18 18 18 18 18 18 18 18 18 18 18 18 18 18 18 18 18 18 18 18 18 18 18 18 18 18 18 18 16 16 16 16 16 16 16 16 16 16 16 16 16 16 16 16 16 10 15 15 15 15 15 15 15 15 15 15 15 15 15 15 15 15 15 15 15 15 15 15 15 15 15 15 15 15 15 15 15 15 15 15 15 15 8 10 10 10 10 10 10 10 10 10 10 10 10 10 10 10 10 10 8 8 8 8 8 8 8 8 8 8 8 8 8 8 8 8 8 5 6 7 7 7 7 7 7 7 7 7 7 7 7 7 7 7 7 7 7 7 7 7 7 7 7 7 7 7 7 7 7 7 7 7 7 7 7 6 6 6 6 6 6 6 6 6 6 6 6 6 6 6 6 6 5 5 5 5 5 5 5 5 5 5 5 5 5 5 5 5 5 5 5 5 5 5 5 5 5 5 5 5 5 5 5 5 5 5 5 5 5 5 5 5 5 5 5 5 5 5 5 5 5 5 5 5 5 5 4 4 4 3 4 4 4 4 4 4 4 4 4 4 4 4 4 4 4 4 4 4 4 4 4 4 4 4 4 4 4 4 4 4 4 4 4 4 4 4 4 4 4 4 4 4 4 4 4 4 4 4 4 4 4 4 4 4 4 4 4 4 4 4 4 4 4 4 4 4 4 4 4 4 3 3 3 3 3 3 3 3 3 3 3 3 3 3 3 3 3 1 2 2 2 2 2 2 2 2 2 2 2 2 2 2 2 2 2 2 2 2 2 2 2 2 2 2 2 2 2 2 2 2 2 2 2 2 2 2 2 2 2 2 2 2 2 2 2 2 2 2 2 2 0 1 1 1 1 1 1 1 1 1 1 1 1 1 1 1 1 1 1 1 1 1 1 1 1 1 1 1 1 1 1 1 1 1 1 1 1 0 0 0 0 0 0 0 0 0 0 0 0 0 0 0 0 0 0 0 0 0 0 0 0 0 0 0 0 0 0 0 0 0 0 0 0 
2 4 7 15 18 82 91 100 1000 1200 8644 1523 1673 8644 8644 8644 8644 8644 8644 8644 8644 8644 8644 8644 8644 8644 8644 8644 8644 8644 8644 1673 1673 1673 1673 1673 1673 1673 1673 1673 1673 1673 1673 1673 1673 1673 1673 1673 1673 1523 1523 1523 1523 1523 1523 1523 1523 1523 1523 1523 1523 1523 1523 1523 1523 1523 1523 1200 1200 1200 1200 1200 1200 1200 1200 1200 1200 1200 1200 1200 1200 1200 1200 1200 1200 228 723 777 900 965 1000 1000 1000 1000 1000 1000 1000 1000 1000 1000 1000 1000 1000 1000 1000 1000 1000 1000 965 965 965 965 965 965 965 965 965 965 965 965 965 965 965 965 965 965 853 900 900 900 900 900 900 900 900 900 900 900 900 900 900 900 900 900 900 853 853 853 853 853 853 853 853 853 853 853 853 853 853 853 853 853 853 747 777 777 777 777 777 777 777 777 777 777 777 777 777 777 777 777 777 777 747 747 747 747 747 747 747 747 747 747 747 747 747 747 747 747 747 747 439 568 723 723 723 723 723 723 723 723 723 723 723 723 723 723 723 723 723 723 568 568 568 568 568 568 568 568 568 568 568 568 568 568 568 568 568 568 256 439 439 439 439 439 439 439 439 439 439 439 439 439 439 439 439 439 439 256 256 256 256 256 256 256 256 256 256 256 256 256 256 256 256 256 143 147 156 227 228 228 228 228 228 228 228 228 228 228 228 228 228 228 228 228 228 228 188 227 227 227 227 227 227 227 227 227 227 227 227 227 227 227 227 227 227 188 188 188 188 188 188 188 188 188 188 188 188 188 188 188 188 188 188 150 156 156 156 156 156 156 156 156 156 156 156 156 156 156 156 156 156 156 148 150 150 150 150 150 150 150 150 150 150 150 150 150 150 150 150 150 150 148 148 148 148 148 148 148 148 148 148 148 148 148 148 148 148 148 147 147 147 147 147 147 147 147 147 147 147 147 147 147 147 147 147 147 142 143 143 143 143 143 143 143 143 143 143 143 143 143 143 143 143 143 143 142 142 142 142 142 142 142 142 142 142 142 142 142 142 142 142 142 142 92 100 100 100 100 100 100 100 100 100 100 100 100 100 100 100 100 100 100 100 100 100 100 100 100 100 100 100 100 100 100 100 100 100 100 100 100 92 92 92 92 92 92 92 92 92 92 92 92 92 92 92 92 92 92 92 92 92 92 92 92 92 92 92 92 92 92 92 92 92 92 92 92 92 88 91 91 91 91 91 91 91 91 91 91 91 91 91 91 91 91 91 91 91 91 91 91 91 91 91 91 91 91 91 91 91 91 91 91 91 91 88 88 88 88 88 88 88 88 88 88 88 88 88 88 88 88 88 88 23 52 63 64 73 82 82 82 82 82 82 82 82 82 82 82 82 82 82 82 82 82 82 82 82 82 82 82 82 82 82 82 82 82 82 82 82 82 82 82 82 66 71 73 73 73 73 73 73 73 73 73 73 73 73 73 73 73 73 73 73 71 71 71 71 71 71 71 71 71 71 71 71 71 71 71 71 71 71 66 66 66 66 66 66 66 66 66 66 66 66 66 66 66 66 66 66 64 64 64 64 64 64 64 64 64 64 64 64 64 64 64 64 64 64 63 63 63 63 63 63 63 63 63 63 63 63 63 63 63 63 63 63 45 52 52 52 52 52 52 52 52 52 52 52 52 52 52 52 52 52 52 32 45 45 45 45 45 45 45 45 45 45 45 45 45 45 45 45 45 31 32 32 32 32 32 32 32 32 32 32 32 32 32 32 32 32 32 31 31 31 31 31 31 31 31 31 31 31 31 31 31 31 31 31 23 23 23 23 23 23 23 23 23 23 23 23 23 23 23 23 23 23 18 16 18 18 18 18 18 18 18 18 18 18 18 18 18 18 18 18 18 18 18 18 18 18 18 18 18 18 18 18 18 18 18 18 18 18 18 16 16 16 16 16 16 16 16 16 16 16 16 16 16 16 16 16 10 15 15 15 15 15 15 15 15 15 15 15 15 15 15 15 15 15 15 15 15 15 15 15 15 15 15 15 15 15 15 15 15 15 15 15 15 8 10 10 10 10 10 10 10 10 10 10 10 10 10 10 10 10 10 10 8 8 8 8 8 8 8 8 8 8 8 8 8 8 8 8 8 5 6 7 7 7 7 7 7 7 7 7 7 7 7 7 7 7 7 7 7 7 7 7 7 7 7 7 7 7 7 7 7 7 7 7 7 7 7 6 6 6 6 6 6 6 6 6 6 6 6 6 6 6 6 6 6 5 5 5 5 5 5 5 5 5 5 5 5 5 5 5 5 5 5 5 5 5 5 5 5 5 5 5 5 5 5 5 5 5 5 5 5 5 5 5 5 5 5 5 5 5 5 5 5 5 5 5 5 5 5 4 4 4 3 4 4 4 4 4 4 4 4 4 4 4 4 4 4 4 4 4 4 4 4 4 4 4 4 4 4 4 4 4 4 4 4 4 4 4 4 4 4 4 4 4 4 4 4 4 4 4 4 4 4 4 4 4 4 4 4 4 4 4 4 4 4 4 4 4 4 4 4 4 4 3 3 3 3 3 3 3 3 3 3 3 3 3 3 3 3 3 1 2 2 2 2 2 2 2 2 2 2 2 2 2 2 2 2 2 2 2 2 2 2 2 2 2 2 2 2 2 2 2 2 2 2 2 2 2 2 2 2 2 2 2 2 2 2 2 2 2 2 2 2 0 1 1 1 1 1 1 1 1 1 1 1 1 1 1 1 1 1 1 1 1 1 1 1 1 1 1 1 1 1 1 1 1 1 1 1 1 0 0 0 0 0 0 0 0 0 0 0 0 0 0 0 0 0 0 0 0 0 0 0 0 0 0 0 0 0 0 0 0 0 0 0 0 0 
2 4 7 15 18 82 91 100 1000 1200 8644 1523 1673 8644 8644 8644 8644 8644 8644 8644 8644 8644 8644 8644 8644 8644 8644 8644 8644 8644 8644 1673 1673 1673 1673 1673 1673 1673 1673 1673 1673 1673 1673 1673 1673 1673 1673 1673 1673 1523 1523 1523 1523 1523 1523 1523 1523 1523 1523 1523 1523 1523 1523 1523 1523 1523 1523 1200 1200 1200 1200 1200 1200 1200 1200 1200 1200 1200 1200 1200 1200 1200 1200 1200 1200 228 723 777 900 965 1000 1000 1000 1000 1000 1000 1000 1000 1000 1000 1000 1000 1000 1000 1000 1000 1000 1000 1000 965 965 965 965 965 965 965 965 965 965 965 965 965 965 965 965 965 965 853 900 900 900 900 900 900 900 900 900 900 900 900 900 900 900 900 900 900 853 853 853 853 853 853 853 853 853 853 853 853 853 853 853 853 853 853 747 777 777 777 777 777 777 777 777 777 777 777 777 777 777 777 777 777 777 747 747 747 747 747 747 747 747 747 747 747 747 747 747 747 747 747 747 439 568 723 723 723 723 723 723 723 723 723 723 723 723 723 723 723 723 723 723 568 568 568 568 568 568 568 568 568 568 568 568 568 568 568 568 568 568 256 439 439 439 439 439 439 439 439 439 439 439 439 439 439 439 439 439 439 256 256 256 256 256 256 256 256 256 256 256 256 256 256 256 256 256 256 143 147 156 227 228 228 228 228 228 228 228 228 228 228 228 228 228 228 228 228 228 228 188 227 227 227 227 227 227 227 227 227 227 227 227 227 227 227 227 227 227 188 188 188 188 188 188 188 188 188 188 188 188 188 188 188 188 188 188 150 156 156 156 156 156 156 156 156 156 156 156 156 156 156 156 156 156 156 148 150 150 150 150 150 150 150 150 150 150 150 150 150 150 150 150 150 150 148 148 148 148 148 148 148 148 148 148 148 148 148 148 148 148 148 148 147 147 147 147 147 147 147 147 147 147 147 147 147 147 147 147 147 147 142 143 143 143 143 143 143 143 143 143 143 143 143 143 143 143 143 143 143 142 142 142 142 142 142 142 142 142 142 142 142 142 142 142 142 142 142 92 100 100 100 100 100 100 100 100 100 100 100 100 100 100 100 100 100 100 100 100 100 100 100 100 100 100 100 100 100 100 100 100 100 100 100 100 100 100 92 92 92 92 92 92 92 92 92 92 92 92 92 92 92 92 92 92 92 92 92 92 92 92 92 92 92 92 92 92 92 92 92 92 92 92 92 92 88 91 91 91 91 91 91 91 91 91 91 91 91 91 91 91 91 91 91 91 91 91 91 91 91 91 91 91 91 91 91 91 91 91 91 91 91 91 91 88 88 88 88 88 88 88 88 88 88 88 88 88 88 88 88 88 88 88 23 52 63 64 73 82 82 82 82 82 82 82 82 82 82 82 82 82 82 82 82 82 82 82 82 82 82 82 82 82 82 82 82 82 82 82 82 82 82 82 82 82 82 66 71 73 73 73 73 73 73 73 73 73 73 73 73 73 73 73 73 73 73 71 71 71 71 71 71 71 71 71 71 71 71 71 71 71 71 71 71 66 66 66 66 66 66 66 66 66 66 66 66 66 66 66 66 66 66 64 64 64 64 64 64 64 64 64 64 64 64 64 64 64 64 64 64 63 63 63 63 63 63 63 63 63 63 63 63 63 63 63 63 63 63 45 52 52 52 52 52 52 52 52 52 52 52 52 52 52 52 52 52 52 32 45 45 45 45 45 45 45 45 45 45 45 45 45 45 45 45 45 45 31 32 32 32 32 32 32 32 32 32 32 32 32 32 32 32 32 32 32 31 31 31 31 31 31 31 31 31 31 31 31 31 31 31 31 31 31 23 23 23 23 23 23 23 23 23 23 23 23 23 23 23 23 23 23 18 16 18 18 18 18 18 18 18 18 18 18 18 18 18 18 18 18 18 18 18 18 18 18 18 18 18 18 18 18 18 18 18 18 18 18 18 18 18 16 16 16 16 16 16 16 16 16 16 16 16 16 16 16 16 16 16 10 15 15 15 15 15 15 15 15 15 15 15 15 15 15 15 15 15 15 15 15 15 15 15 15 15 15 15 15 15 15 15 15 15 15 15 15 15 15 8 10 10 10 10 10 10 10 10 10 10 10 10 10 10 10 10 10 10 8 8 8 8 8 8 8 8 8 8 8 8 8 8 8 8 8 8 5 6 7 7 7 7 7 7 7 7 7 7 7 7 7 7 7 7 7 7 7 7 7 7 7 7 7 7 7 7 7 7 7 7 7 7 7 7 7 7 6 6 6 6 6 6 6 6 6 6 6 6 6 6 6 6 6 6 5 5 5 5 5 5 5 5 5 5 5 5 5 5 5 5 5 5 5 5 5 5 5 5 5 5 5 5 5 5 5 5 5 5 5 5 5 5 5 5 5 5 5 5 5 5 5 5 5 5 5 5 5 5 5 5 5 4 4 4 3 4 4 4 4 4 4 4 4 4 4 4 4 4 4 4 4 4 4 4 4 4 4 4 4 4 4 4 4 4 4 4 4 4 4 4 4 4 4 4 4 4 4 4 4 4 4 4 4 4 4 4 4 4 4 4 4 4 4 4 4 4 4 4 4 4 4 4 4 4 4 4 4 4 4 3 3 3 3 3 3 3 3 3 3 3 3 3 3 3 3 3 3 1 2 2 2 2 2 2 2 2 2 2 2 2 2 2 2 2 2 2 2 2 2 2 2 2 2 2 2 2 2 2 2 2 2 2 2 2 2 2 2 2 2 2 2 2 2 2 2 2 2 2 2 2 2 2 2 0 1 1 1 1 1 1 1 1 1 1 1 1 1 1 1 1 1 1 1 1 1 1 1 1 1 1 1 1 1 1 1 1 1 1 1 1 1 1 0 0 0 0 0 0 0 0 0 0 0 0 0 0 0 0 0 0 0 0 0 0 0 0 0 0 0 0 0 0 0 0 0 0 0 0 0 0 
2 4 7 15 18 82 91 100 1000 1200 8644 1523 1673 8644 8644 8644 8644 8644 8644 8644 8644 8644 8644 8644 8644 8644 8644 8644 8644 8644 8644 8644 1673 1673 1673 1673 1673 1673 1673 1673 1673 1673 1673 1673 1673 1673 1673 1673 1673 1673 1673 1523 1523 1523 1523 1523 1523 1523 1523 1523 1523 1523 1523 1523 1523 1523 1523 1523 1523 1523 1200 1200 1200 1200 1200 1200 1200 1200 1200 1200 1200 1200 1200 1200 1200 1200 1200 1200 1200 228 723 777 900 965 1000 1000 1000 1000 1000 1000 1000 1000 1000 1000 1000 1000 1000 1000 1000 1000 1000 1000 1000 965 965 965 965 965 965 965 965 965 965 965 965 965 965 965 965 965 965 965 853 900 900 900 900 900 900 900 900 900 900 900 900 900 900 900 900 900 900 900 853 853 853 853 853 853 853 853 853 853 853 853 853 853 853 853 853 853 853 747 777 777 777 777 777 777 777 777 777 777 777 777 777 777 777 777 777 777 777 747 747 747 747 747 747 747 747 747 747 747 747 747 747 747 747 747 747 747 439 568 723 723 723 723 723 723 723 723 723 723 723 723 723 723 723 723 723 723 723 568 568 568 568 568 568 568 568 568 568 568 568 568 568 568 568 568 568 568 256 439 439 439 439 439 439 439 439 439 439 439 439 439 439 439 439 439 439 439 256 256 256 256 256 256 256 256 256 256 256 256 256 256 256 256 256 256 143 147 156 227 228 228 228 228 228 228 228 228 228 228 228 228 228 228 228 228 228 228 228 188 227 227 227 227 227 227 227 227 227 227 227 227 227 227 227 227 227 227 227 188 188 188 188 188 188 188 188 188 188 188 188 188 188 188 188 188 188 188 150 156 156 156 156 156 156 156 156 156 156 156 156 156 156 156 156 156 156 156 148 150 150 150 150 150 150 150 150 150 150 150 150 150 150 150 150 150 150 150 148 148 148 148 148 148 148 148 148 148 148 148 148 148 148 148 148 148 147 147 147 147 147 147 147 147 147 147 147 147 147 147 147 147 147 147 147 142 143 143 143 143 143 143 143 143 143 143 143 143 143 143 143 143 143 143 143 142 142 142 142 142 142 142 142 142 142 142 142 142 142 142 142 142 142 142 92 100 100 100 100 100 100 100 100 100 100 100 100 100 100 100 100 100 100 100 100 100 100 100 100 100 100 100 100 100 100 100 100 100 100 100 100 100 100 92 92 92 92 92 92 92 92 92 92 92 92 92 92 92 92 92 92 92 92 92 92 92 92 92 92 92 92 92 92 92 92 92 92 92 92 92 92 92 88 91 91 91 91 91 91 91 91 91 91 91 91 91 91 91 91 91 91 91 91 91 91 91 91 91 91 91 91 91 91 91 91 91 91 91 91 91 91 88 88 88 88 88 88 88 88 88 88 88 88 88 88 88 88 88 88 88 23 52 63 64 73 82 82 82 82 82 82 82 82 82 82 82 82 82 82 82 82 82 82 82 82 82 82 82 82 82 82 82 82 82 82 82 82 82 82 82 82 82 82 66 71 73 73 73 73 73 73 73 73 73 73 73 73 73 73 73 73 73 73 73 71 71 71 71 71 71 71 71 71 71 71 71 71 71 71 71 71 71 71 66 66 66 66 66 66 66 66 66 66 66 66 66 66 66 66 66 66 66 64 64 64 64 64 64 64 64 64 64 64 64 64 64 64 64 64 64 64 63 63 63 63 63 63 63 63 63 63 63 63 63 63 63 63 63 63 63 45 52 52 52 52 52 52 52 52 52 52 52 52 52 52 52 52 52 52 52 32 45 45 45 45 45 45 45 45 45 45 45 45 45 45 45 45 45 45 31 32 32 32 32 32 32 32 32 32 32 32 32 32 32 32 32 32 32 31 31 31 31 31 31 31 31 31 31 31 31 31 31 31 31 31 31 23 23 23 23 23 23 23 23 23 23 23 23 23 23 23 23 23 23 23 18 16 18 18 18 18 18 18 18 18 18 18 18 18 18 18 18 18 18 18 18 18 18 18 18 18 18 18 18 18 18 18 18 18 18 18 18 18 18 16 16 16 16 16 16 16 16 16 16 16 16 16 16 16 16 16 16 10 15 15 15 15 15 15 15 15 15 15 15 15 15 15 15 15 15 15 15 15 15 15 15 15 15 15 15 15 15 15 15 15 15 15 15 15 15 15 8 10 10 10 10 10 10 10 10 10 10 10 10 10 10 10 10 10 10 10 8 8 8 8 8 8 8 8 8 8 8 8 8 8 8 8 8 8 5 6 7 7 7 7 7 7 7 7 7 7 7 7 7 7 7 7 7 7 7 7 7 7 7 7 7 7 7 7 7 7 7 7 7 7 7 7 7 7 6 6 6 6 6 6 6 6 6 6 6 6 6 6 6 6 6 6 6 5 5 5 5 5 5 5 5 5 5 5 5 5 5 5 5 5 5 5 5 5 5 5 5 5 5 5 5 5 5 5 5 5 5 5 5 5 5 5 5 5 5 5 5 5 5 5 5 5 5 5 5 5 5 5 5 5 4 4 4 3 4 4 4 4 4 4 4 4 4 4 4 4 4 4 4 4 4 4 4 4 4 4 4 4 4 4 4 4 4 4 4 4 4 4 4 4 4 4 4 4 4 4 4 4 4 4 4 4 4 4 4 4 4 4 4 4 4 4 4 4 4 4 4 4 4 4 4 4 4 4 4 4 4 4 3 3 3 3 3 3 3 3 3 3 3 3 3 3 3 3 3 3 1 2 2 2 2 2 2 2 2 2 2 2 2 2 2 2 2 2 2 2 2 2 2 2 2 2 2 2 2 2 2 2 2 2 2 2 2 2 2 2 2 2 2 2 2 2 2 2 2 2 2 2 2 2 2 2 0 1 1 1 1 1 1 1 1 1 1 1 1 1 1 1 1 1 1 1 1 1 1 1 1 1 1 1 1 1 1 1 1 1 1 1 1 1 1 0 0 0 0 0 0 0 0 0 0 0 0 0 0 0 0 0 0 0 0 0 0 0 0 0 0 0 0 0 0 0 0 0 0 0 0 0 0 0 
